A_rho: 0.5033264997308969
CP: 1160.5945261570928
DeltaS: 127.0
Deltarho_ICB: 500.0
FeM: 5.0
H: 0.0
K_c: 1403000000000.0
L_rho: 7182059.115358838
Mp: 0.8
P0: 259.0627781
Q_CMB: 7400000000000.0
T0: 5943.8204605
TL0: 5650.739658066623
XFe: 20.0
alpha_c: 1.9388228322170484e-05
beta: 0.83
chi0: 0.056
dTL_dP: 9.0e-09
dTL_dchi: -21000.0
gamma: 1.2882875845726653
k_c: 163.0
r_IC: 1221000.0
r_IC_0: 0.0
r_OC: 2539398.9509948
rho_0: 12579.023127134902
rho_c: 12502.0
