A_rho: 0.7261918965668446
CP: 876.5982630047419
DeltaS: 127.0
Deltarho_ICB: 500.0
FeM: 15.0
H: 0.0
K_c: 1403000000000.0
L_rho: 7947744.229251865
Mp: 0.8
P0: 464.33904029999997
Q_CMB: 7400000000000.0
T0: 4844.0823185
TL0: 7631.709700831661
XFe: 80.0
alpha_c: 1.4525731741519586e-05
beta: 0.83
chi0: 0.056
dTL_dP: 9.0e-09
dTL_dchi: -21000.0
gamma: 1.2716343229291267
k_c: 163.0
r_IC: 1221000.0
r_IC_0: 3959925.7133236574
r_OC: 4191905.7568600997
rho_0: 14760.672951623366
rho_c: 12502.0
