A_rho: 0.5021984908420635
CP: 1219.05780152306
DeltaS: 127.0
Deltarho_ICB: 500.0
FeM: 0.0
H: 0.0
K_c: 1403000000000.0
L_rho: 7132409.121943821
Mp: 0.8
P0: 246.4004436
Q_CMB: 7400000000000.0
T0: 6152.350694899999
TL0: 5506.771794774752
XFe: 15.0
alpha_c: 2.0781000729741513e-05
beta: 0.83
chi0: 0.056
dTL_dP: 9.0e-09
dTL_dchi: -21000.0
gamma: 1.2927697487791543
k_c: 163.0
r_IC: 1221000.0
r_IC_0: 0.0
r_OC: 2456696.7592259
rho_0: 12384.669704552283
rho_c: 12502.0
