A_rho: 0.5256851825295304
CP: 1176.3897553227814
DeltaS: 127.0
Deltarho_ICB: 500.0
FeM: 0.0
H: 0.0
K_c: 1403000000000.0
L_rho: 7422870.9242954105
Mp: 0.8
P0: 315.44566319999996
Q_CMB: 7400000000000.0
T0: 6459.9456291
TL0: 6253.85580199272
XFe: 30.0
alpha_c: 1.9017068843959997e-05
beta: 0.83
chi0: 0.056
dTL_dP: 9.0e-09
dTL_dchi: -21000.0
gamma: 1.2830042645165027
k_c: 163.0
r_IC: 1221000.0
r_IC_0: 0.0
r_OC: 3078170.3918721
rho_0: 13144.241966056585
rho_c: 12502.0
