A_rho: 0.4699162934450737
CP: 1091.746494892545
DeltaS: 127.0
Deltarho_ICB: 500.0
FeM: 15.0
H: 0.0
K_c: 1403000000000.0
L_rho: 7142314.845842978
Mp: 0.9
P0: 253.84208999999998
Q_CMB: 7400000000000.0
T0: 5550.3519590000005
TL0: 5591.804590971087
XFe: 20.0
alpha_c: 1.751826939861838e-05
beta: 0.83
chi0: 0.056
dTL_dP: 9.0e-09
dTL_dchi: -21000.0
gamma: 1.2815009635511785
k_c: 163.0
r_IC: 1221000.0
r_IC_0: 608921.9995159254
r_OC: 2205792.0229932005
rho_0: 12581.862024876682
rho_c: 12502.0
