A_rho: 0.4792052188215643
CP: 1170.0576194220484
DeltaS: 127.0
Deltarho_ICB: 500.0
FeM: 5.0
H: 0.0
K_c: 1403000000000.0
L_rho: 7301757.80273174
Mp: 0.9
P0: 288.33348689999997
Q_CMB: 7400000000000.0
T0: 6285.3655442
TL0: 5971.008406952054
XFe: 20.0
alpha_c: 1.8445880559388098e-05
beta: 0.83
chi0: 0.056
dTL_dP: 9.0e-09
dTL_dchi: -21000.0
gamma: 1.2806521088109226
k_c: 163.0
r_IC: 1221000.0
r_IC_0: 0.0
r_OC: 2627057.3879848
rho_0: 12868.620187746728
rho_c: 12502.0
