A_rho: 0.6283586796591825
CP: 984.6647522602279
DeltaS: 127.0
Deltarho_ICB: 500.0
FeM: 10.0
H: 0.0
K_c: 1403000000000.0
L_rho: 7809472.736600342
Mp: 0.8
P0: 427.0510152
Q_CMB: 7400000000000.0
T0: 5696.104942399999
TL0: 7309.687153894609
XFe: 65.0
alpha_c: 1.5666787683083393e-05
beta: 0.83
chi0: 0.056
dTL_dP: 9.0e-09
dTL_dchi: -21000.0
gamma: 1.2718766643233417
k_c: 163.0
r_IC: 1221000.0
r_IC_0: 3385180.4514318993
r_OC: 3894256.0748087005
rho_0: 14345.123338264646
rho_c: 12502.0
