A_rho: 0.5099246494602018
CP: 1077.613229940012
DeltaS: 127.0
Deltarho_ICB: 500.0
FeM: 10.0
H: 0.0
K_c: 1403000000000.0
L_rho: 7629198.987192679
Mp: 0.9
P0: 380.54073619999997
Q_CMB: 7400000000000.0
T0: 6299.7387345
TL0: 6888.240607484857
XFe: 40.0
alpha_c: 1.5999399322343347e-05
beta: 0.83
chi0: 0.056
dTL_dP: 9.0e-09
dTL_dchi: -21000.0
gamma: 1.268403877378217
k_c: 163.0
r_IC: 1221000.0
r_IC_0: 2280348.759586536
r_OC: 3326839.1623352002
rho_0: 13837.75093511241
rho_c: 12502.0
