A_rho: 0.621296094313495
CP: 944.0598992438753
DeltaS: 127.0
Deltarho_ICB: 500.0
FeM: 15.0
H: 0.0
K_c: 1403000000000.0
L_rho: 7977795.913821807
Mp: 0.9
P0: 490.5186528
Q_CMB: 7400000000000.0
T0: 5673.2196553
TL0: 7850.355258553979
XFe: 70.0
alpha_c: 1.4250191139996945e-05
beta: 0.83
chi0: 0.056
dTL_dP: 9.0e-09
dTL_dchi: -21000.0
gamma: 1.2629456473915115
k_c: 163.0
r_IC: 1221000.0
r_IC_0: 3788723.281147374
r_OC: 4104004.1721000997
rho_0: 14889.361447748905
rho_c: 12502.0
