A_rho: 0.44489968169080585
CP: 1094.1642215599527
DeltaS: 127.0
Deltarho_ICB: 500.0
FeM: 10.0
H: 0.0
K_c: 1403000000000.0
L_rho: 7315695.393885838
Mp: 0.8
P0: 298.04941119999995
Q_CMB: 7400000000000.0
T0: 5837.0050716000005
TL0: 6073.795598272076
XFe: 30.0
alpha_c: 1.759823571184317e-05
beta: 0.83
chi0: 0.056
dTL_dP: 9.0e-09
dTL_dchi: -21000.0
gamma: 1.2807570440292824
k_c: 163.0
r_IC: 1221000.0
r_IC_0: 1460292.5403063449
r_OC: 2859334.6389777
rho_0: 13048.846647401222
rho_c: 12502.0
