A_rho: 0.6921463689567013
CP: 932.330684448664
DeltaS: 127.0
Deltarho_ICB: 500.0
FeM: 10.0
H: 0.0
K_c: 1403000000000.0
L_rho: 7908560.139208564
Mp: 0.8
P0: 452.98226789999995
Q_CMB: 7400000000000.0
T0: 5320.7867868
TL0: 7535.004799594179
XFe: 75.0
alpha_c: 1.5276162374770328e-05
beta: 0.83
chi0: 0.056
dTL_dP: 9.0e-09
dTL_dchi: -21000.0
gamma: 1.2724254187779007
k_c: 163.0
r_IC: 1221000.0
r_IC_0: 3739611.837156097
r_OC: 4113322.3489954
rho_0: 14613.178046773606
rho_c: 12502.0
