A_rho: 0.4773527214156181
CP: 1032.8179224210016
DeltaS: 127.0
Deltarho_ICB: 500.0
FeM: 20.0
H: 0.0
K_c: 1403000000000.0
L_rho: 7356086.490397955
Mp: 0.9
P0: 307.8599216
Q_CMB: 7400000000000.0
T0: 5549.4281679
TL0: 6175.947405797115
XFe: 30.0
alpha_c: 1.5663505173182185e-05
beta: 0.83
chi0: 0.056
dTL_dP: 9.0e-09
dTL_dchi: -21000.0
gamma: 1.2717241093171505
k_c: 163.0
r_IC: 1221000.0
r_IC_0: 2243964.3741635177
r_OC: 2671986.3457333
rho_0: 13201.951730280356
rho_c: 12502.0
