A_rho: 0.5901261218224999
CP: 1056.915413214749
DeltaS: 127.0
Deltarho_ICB: 500.0
FeM: 5.0
H: 0.0
K_c: 1403000000000.0
L_rho: 7718373.992525013
Mp: 0.8
P0: 398.9509
Q_CMB: 7400000000000.0
T0: 6143.882639
TL0: 7057.89561077197
XFe: 55.0
alpha_c: 1.6733354070413146e-05
beta: 0.83
chi0: 0.056
dTL_dP: 9.0e-09
dTL_dchi: -21000.0
gamma: 1.2743538355757822
k_c: 163.0
r_IC: 1221000.0
r_IC_0: 2749049.0579835256
r_OC: 3702743.3800182
rho_0: 14032.459957910969
rho_c: 12502.0
