A_rho: 0.5300031864370567
CP: 1120.2405809869788
DeltaS: 127.0
Deltarho_ICB: 500.0
FeM: 5.0
H: 0.0
K_c: 1403000000000.0
L_rho: 7463554.4314648565
Mp: 0.8
P0: 328.3527803
Q_CMB: 7400000000000.0
T0: 6200.0327824
TL0: 6384.3571464706665
XFe: 35.0
alpha_c: 1.7852702272690797e-05
beta: 0.83
chi0: 0.056
dTL_dP: 9.0e-09
dTL_dchi: -21000.0
gamma: 1.2793790190255026
k_c: 163.0
r_IC: 1221000.0
r_IC_0: 1317333.1894539734
r_OC: 3146473.7889953
rho_0: 13323.648260795415
rho_c: 12502.0
