A_rho: 0.4915741406305166
CP: 1201.0539460053851
DeltaS: 127.0
Deltarho_ICB: 500.0
FeM: 0.0
H: 0.0
K_c: 1403000000000.0
L_rho: 7459690.869279192
Mp: 0.9
P0: 327.0799209
Q_CMB: 7400000000000.0
T0: 6761.8342704
TL0: 6371.59942868596
XFe: 25.0
alpha_c: 1.856400610029992e-05
beta: 0.83
chi0: 0.056
dTL_dP: 9.0e-09
dTL_dchi: -21000.0
gamma: 1.2780144952451402
k_c: 163.0
r_IC: 1221000.0
r_IC_0: 0.0
r_OC: 2995720.9885247997
rho_0: 13222.681735433549
rho_c: 12502.0
