A_rho: 0.6037231953092856
CP: 1005.3893521249377
DeltaS: 127.0
Deltarho_ICB: 500.0
FeM: 10.0
H: 0.0
K_c: 1403000000000.0
L_rho: 7756786.306991057
Mp: 0.8
P0: 412.3942725
Q_CMB: 7400000000000.0
T0: 5811.2994569
TL0: 7179.392817707308
XFe: 60.0
alpha_c: 1.58511820791435e-05
beta: 0.83
chi0: 0.056
dTL_dP: 9.0e-09
dTL_dchi: -21000.0
gamma: 1.272035664233691
k_c: 163.0
r_IC: 1221000.0
r_IC_0: 3190695.228952613
r_OC: 3776189.2463443
rho_0: 14199.549308776117
rho_c: 12502.0
