A_rho: 0.5004623278011542
CP: 1186.7656800496025
DeltaS: 127.0
Deltarho_ICB: 500.0
FeM: 0.0
H: 0.0
K_c: 1403000000000.0
L_rho: 7544121.5164699815
Mp: 0.9
P0: 350.47740980000003
Q_CMB: 7400000000000.0
T0: 6840.3770116999995
TL0: 6602.396928912926
XFe: 30.0
alpha_c: 1.8119329277225807e-05
beta: 0.83
chi0: 0.056
dTL_dP: 9.0e-09
dTL_dchi: -21000.0
gamma: 1.2754625740548857
k_c: 163.0
r_IC: 1221000.0
r_IC_0: 0.0
r_OC: 3178285.2843118
rho_0: 13457.43942639181
rho_c: 12502.0
