A_rho: 0.5164127031527503
CP: 1029.5613158969195
DeltaS: 127.0
Deltarho_ICB: 500.0
FeM: 15.0
H: 0.0
K_c: 1403000000000.0
L_rho: 7675163.026813612
Mp: 0.9
P0: 397.0374735
Q_CMB: 7400000000000.0
T0: 6032.2810135
TL0: 7040.442179680763
XFe: 45.0
alpha_c: 1.5102249694181224e-05
beta: 0.83
chi0: 0.056
dTL_dP: 9.0e-09
dTL_dchi: -21000.0
gamma: 1.26526662882575
k_c: 163.0
r_IC: 1221000.0
r_IC_0: 2842543.3318185015
r_OC: 3412156.2061604
rho_0: 14031.217647718277
rho_c: 12502.0
