A_rho: 0.48618103835428433
CP: 1021.4667351830835
DeltaS: 127.0
Deltarho_ICB: 500.0
FeM: 20.0
H: 0.0
K_c: 1403000000000.0
L_rho: 7466328.050329756
Mp: 0.9
P0: 337.8275616
Q_CMB: 7400000000000.0
T0: 5651.6332377
TL0: 6478.5778195172825
XFe: 35.0
alpha_c: 1.5195222210647356e-05
beta: 0.83
chi0: 0.056
dTL_dP: 9.0e-09
dTL_dchi: -21000.0
gamma: 1.2683592930271619
k_c: 163.0
r_IC: 1221000.0
r_IC_0: 2552474.9804467466
r_OC: 2922675.7228650004
rho_0: 13503.11870462251
rho_c: 12502.0
