A_rho: 0.6155791635729824
CP: 1058.452273157088
DeltaS: 127.0
Deltarho_ICB: 500.0
FeM: 0.0
H: 0.0
K_c: 1403000000000.0
L_rho: 7964382.639506505
Mp: 0.9
P0: 477.59913200000005
Q_CMB: 7400000000000.0
T0: 6580.5353505
TL0: 7743.181365838099
XFe: 65.0
alpha_c: 1.629091918869917e-05
beta: 0.83
chi0: 0.056
dTL_dP: 9.0e-09
dTL_dchi: -21000.0
gamma: 1.2682994824741975
k_c: 163.0
r_IC: 1221000.0
r_IC_0: 3106865.1798618594
r_OC: 4101030.0452125
rho_0: 14674.36065164697
rho_c: 12502.0
