A_rho: 0.47032174765481066
CP: 1143.202597593173
DeltaS: 127.0
Deltarho_ICB: 500.0
FeM: 10.0
H: 0.0
K_c: 1403000000000.0
L_rho: 7066866.954616946
Mp: 0.9
P0: 235.75706890000004
Q_CMB: 7400000000000.0
T0: 5700.9645389
TL0: 5382.958689602018
XFe: 15.0
alpha_c: 1.8868318476786575e-05
beta: 0.83
chi0: 0.056
dTL_dP: 9.0e-09
dTL_dchi: -21000.0
gamma: 1.286851787155504
k_c: 163.0
r_IC: 1221000.0
r_IC_0: 0.0
r_OC: 2057885.7517368
rho_0: 12329.921957158122
rho_c: 12502.0
