A_rho: 0.5928070018676087
CP: 965.895373414056
DeltaS: 127.0
Deltarho_ICB: 500.0
FeM: 15.0
H: 0.0
K_c: 1403000000000.0
L_rho: 7923429.358868453
Mp: 0.9
P0: 474.26484869999996
Q_CMB: 7400000000000.0
T0: 5822.4490649
TL0: 7715.294301087192
XFe: 65.0
alpha_c: 1.4386986788725338e-05
beta: 0.83
chi0: 0.056
dTL_dP: 9.0e-09
dTL_dchi: -21000.0
gamma: 1.2627167618115924
k_c: 163.0
r_IC: 1221000.0
r_IC_0: 3622774.352278161
r_OC: 3980035.3692743997
rho_0: 14738.710440941053
rho_c: 12502.0
