A_rho: 0.635998217456079
CP: 1014.7681320416651
DeltaS: 127.0
Deltarho_ICB: 500.0
FeM: 5.0
H: 0.0
K_c: 1403000000000.0
L_rho: 7820384.942318917
Mp: 0.8
P0: 427.34347930000007
Q_CMB: 7400000000000.0
T0: 5929.6717478
TL0: 7312.26482033551
XFe: 65.0
alpha_c: 1.632194717267285e-05
beta: 0.83
chi0: 0.056
dTL_dP: 9.0e-09
dTL_dchi: -21000.0
gamma: 1.2737655573278837
k_c: 163.0
r_IC: 1221000.0
r_IC_0: 3226542.7616524925
r_OC: 3929489.8083462007
rho_0: 14318.437630879092
rho_c: 12502.0
