A_rho: 0.517094530438676
CP: 1046.866419716242
DeltaS: 127.0
Deltarho_ICB: 500.0
FeM: 15.0
H: 0.0
K_c: 1403000000000.0
L_rho: 7389694.139282496
Mp: 0.8
P0: 313.08853769999996
Q_CMB: 7400000000000.0
T0: 5621.4820958
TL0: 6229.745513483637
XFe: 35.0
alpha_c: 1.6541165995134416e-05
beta: 0.83
chi0: 0.056
dTL_dP: 9.0e-09
dTL_dchi: -21000.0
gamma: 1.2768790795052285
k_c: 163.0
r_IC: 1221000.0
r_IC_0: 2228686.025367495
r_OC: 2947048.5417006
rho_0: 13247.365290019694
rho_c: 12502.0
