A_rho: 0.6978650922007872
CP: 886.094877535848
DeltaS: 127.0
Deltarho_ICB: 500.0
FeM: 15.0
H: 0.0
K_c: 1403000000000.0
L_rho: 8082643.948856434
Mp: 0.9
P0: 518.9420821
Q_CMB: 7400000000000.0
T0: 5181.51936
TL0: 8081.42492376943
XFe: 80.0
alpha_c: 1.3927633185866487e-05
beta: 0.83
chi0: 0.056
dTL_dP: 9.0e-09
dTL_dchi: -21000.0
gamma: 1.264404377406493
k_c: 163.0
r_IC: 1221000.0
r_IC_0: 4095718.455502161
r_OC: 4335362.9363866
rho_0: 15167.39781555269
rho_c: 12502.0
