A_rho: 0.5297419008731369
CP: 1100.665153924059
DeltaS: 127.0
Deltarho_ICB: 500.0
FeM: 5.0
H: 0.0
K_c: 1403000000000.0
L_rho: 7726460.182948023
Mp: 0.9
P0: 407.3542289
Q_CMB: 7400000000000.0
T0: 6607.7981968
TL0: 7134.0707568964835
XFe: 45.0
alpha_c: 1.6406874342154313e-05
beta: 0.83
chi0: 0.056
dTL_dP: 9.0e-09
dTL_dchi: -21000.0
gamma: 1.268593632310661
k_c: 163.0
r_IC: 1221000.0
r_IC_0: 2201863.739263395
r_OC: 3559115.9807684
rho_0: 14049.736311054428
rho_c: 12502.0
