A_rho: 0.5418866105434162
CP: 1021.5891847052069
DeltaS: 127.0
Deltarho_ICB: 500.0
FeM: 15.0
H: 0.0
K_c: 1403000000000.0
L_rho: 7551849.919486106
Mp: 0.8
P0: 356.8186507
Q_CMB: 7400000000000.0
T0: 5689.292086199999
TL0: 6663.650347630451
XFe: 45.0
alpha_c: 1.5872665793139506e-05
beta: 0.83
chi0: 0.056
dTL_dP: 9.0e-09
dTL_dchi: -21000.0
gamma: 1.2728685190662885
k_c: 163.0
r_IC: 1221000.0
r_IC_0: 2750545.668563149
r_OC: 3304227.9237892996
rho_0: 13688.783419085492
rho_c: 12502.0
