A_rho: 0.5096177137633461
CP: 997.703539944086
DeltaS: 127.0
Deltarho_ICB: 500.0
FeM: 20.0
H: 0.0
K_c: 1403000000000.0
L_rho: 7647512.703391469
Mp: 0.9
P0: 391.04029489999994
Q_CMB: 7400000000000.0
T0: 5757.204901100001
TL0: 6985.472590537906
XFe: 45.0
alpha_c: 1.4530581065645374e-05
beta: 0.83
chi0: 0.056
dTL_dP: 9.0e-09
dTL_dchi: -21000.0
gamma: 1.2638041861644067
k_c: 163.0
r_IC: 1221000.0
r_IC_0: 3037234.8262069514
r_OC: 3331963.8435807996
rho_0: 14011.129726151992
rho_c: 12502.0
