A_rho: 0.6124424607942565
CP: 930.6133105793165
DeltaS: 127.0
Deltarho_ICB: 500.0
FeM: 20.0
H: 0.0
K_c: 1403000000000.0
L_rho: 7781484.175661293
Mp: 0.8
P0: 424.0892654
Q_CMB: 7400000000000.0
T0: 5246.5818641999995
TL0: 7283.535031782979
XFe: 65.0
alpha_c: 1.4512617090726155e-05
beta: 0.83
chi0: 0.056
dTL_dP: 9.0e-09
dTL_dchi: -21000.0
gamma: 1.2685046033414422
k_c: 163.0
r_IC: 1221000.0
r_IC_0: 3607048.394964472
r_OC: 3812118.5841291
rho_0: 14373.55326997195
rho_c: 12502.0
