A_rho: 0.5960175177957923
CP: 975.8692149200014
DeltaS: 127.0
Deltarho_ICB: 500.0
FeM: 15.0
H: 0.0
K_c: 1403000000000.0
L_rho: 7741020.877979006
Mp: 0.8
P0: 410.40166489999996
Q_CMB: 7400000000000.0
T0: 5573.3122683
TL0: 7161.506790286797
XFe: 60.0
alpha_c: 1.523449881924475e-05
beta: 0.83
chi0: 0.056
dTL_dP: 9.0e-09
dTL_dchi: -21000.0
gamma: 1.2702927342974477
k_c: 163.0
r_IC: 1221000.0
r_IC_0: 3339204.799949714
r_OC: 3729607.1912852004
rho_0: 14211.526612826858
rho_c: 12502.0
