A_rho: 0.5826210181363004
CP: 1023.7602784632566
DeltaS: 127.0
Deltarho_ICB: 500.0
FeM: 10.0
H: 0.0
K_c: 1403000000000.0
L_rho: 7700215.324594761
Mp: 0.8
P0: 396.35695219999997
Q_CMB: 7400000000000.0
T0: 5888.9135935
TL0: 7034.224934170618
XFe: 55.0
alpha_c: 1.6051435248506696e-05
beta: 0.83
chi0: 0.056
dTL_dP: 9.0e-09
dTL_dchi: -21000.0
gamma: 1.272532369307854
k_c: 163.0
r_IC: 1221000.0
r_IC_0: 2979891.8491632165
r_OC: 3650064.5833699997
rho_0: 14042.106978221847
rho_c: 12502.0
