A_rho: 0.542021778486118
CP: 1106.226768753345
DeltaS: 127.0
Deltarho_ICB: 500.0
FeM: 5.0
H: 0.0
K_c: 1403000000000.0
L_rho: 7534074.998643735
Mp: 0.8
P0: 347.3273157
Q_CMB: 7400000000000.0
T0: 6224.1532161000005
TL0: 6571.768682215228
XFe: 40.0
alpha_c: 1.752045585952426e-05
beta: 0.83
chi0: 0.056
dTL_dP: 9.0e-09
dTL_dchi: -21000.0
gamma: 1.2776342115341415
k_c: 163.0
r_IC: 1221000.0
r_IC_0: 1785071.3834864062
r_OC: 3299757.9436578997
rho_0: 13517.37295746319
rho_c: 12502.0
