A_rho: 0.5047488884037581
CP: 1129.7278521916433
DeltaS: 127.0
Deltarho_ICB: 500.0
FeM: 5.0
H: 0.0
K_c: 1403000000000.0
L_rho: 7585396.018820413
Mp: 0.9
P0: 364.9857946
Q_CMB: 7400000000000.0
T0: 6568.056281499999
TL0: 6741.768486997223
XFe: 35.0
alpha_c: 1.7000424463785944e-05
beta: 0.83
chi0: 0.056
dTL_dP: 9.0e-09
dTL_dchi: -21000.0
gamma: 1.2718084897476647
k_c: 163.0
r_IC: 1221000.0
r_IC_0: 1302380.849533016
r_OC: 3248643.8575428
rho_0: 13646.218844601426
rho_c: 12502.0
