A_rho: 0.591076707050263
CP: 1082.7250963660842
DeltaS: 127.0
Deltarho_ICB: 500.0
FeM: 0.0
H: 0.0
K_c: 1403000000000.0
L_rho: 7914509.6657377435
Mp: 0.9
P0: 462.4888823
Q_CMB: 7400000000000.0
T0: 6717.774136399999
TL0: 7616.034145009771
XFe: 60.0
alpha_c: 1.6494864364677894e-05
beta: 0.83
chi0: 0.056
dTL_dP: 9.0e-09
dTL_dchi: -21000.0
gamma: 1.268464771496317
k_c: 163.0
r_IC: 1221000.0
r_IC_0: 2805312.194316209
r_OC: 3991068.8030245
rho_0: 14528.719720625917
rho_c: 12502.0
