A_rho: 0.500944126542397
CP: 1025.6734311883524
DeltaS: 127.0
Deltarho_ICB: 500.0
FeM: 20.0
H: 0.0
K_c: 1403000000000.0
L_rho: 7235696.370955657
Mp: 0.8
P0: 276.3579089
Q_CMB: 7400000000000.0
T0: 5246.1726333999995
TL0: 5841.975640827193
XFe: 30.0
alpha_c: 1.6493998090712888e-05
beta: 0.83
chi0: 0.056
dTL_dP: 9.0e-09
dTL_dchi: -21000.0
gamma: 1.2794405335790096
k_c: 163.0
r_IC: 1221000.0
r_IC_0: 2152982.9248274975
r_OC: 2582852.322112
rho_0: 12896.06961341062
rho_c: 12502.0
