A_rho: 0.7186911553385803
CP: 855.8146508762699
DeltaS: 127.0
Deltarho_ICB: 500.0
FeM: 20.0
H: 0.0
K_c: 1403000000000.0
L_rho: 7941678.157574242
Mp: 0.8
P0: 465.2768557
Q_CMB: 7400000000000.0
T0: 4660.0091615
TL0: 7639.643819410043
XFe: 80.0
alpha_c: 1.4044584298468682e-05
beta: 0.83
chi0: 0.056
dTL_dP: 9.0e-09
dTL_dchi: -21000.0
gamma: 1.2701407045262272
k_c: 163.0
r_IC: 1221000.0
r_IC_0: 4014585.1770097353
r_OC: 4172329.740864
rho_0: 14788.55439475678
rho_c: 12502.0
