A_rho: 0.5519371424052861
CP: 1123.4546414869326
DeltaS: 127.0
Deltarho_ICB: 500.0
FeM: 0.0
H: 0.0
K_c: 1403000000000.0
L_rho: 7806742.024352029
Mp: 0.9
P0: 429.0876834
Q_CMB: 7400000000000.0
T0: 6875.6918992
TL0: 7327.619832567894
XFe: 50.0
alpha_c: 1.6926082758830415e-05
beta: 0.83
chi0: 0.056
dTL_dP: 9.0e-09
dTL_dchi: -21000.0
gamma: 1.2695949466701106
k_c: 163.0
r_IC: 1221000.0
r_IC_0: 2078596.5952241418
r_OC: 3752875.2728459
rho_0: 14212.807728641352
rho_c: 12502.0
