A_rho: 0.5086176728613948
CP: 1204.8851856290296
DeltaS: 127.0
Deltarho_ICB: 500.0
FeM: 0.0
H: 0.0
K_c: 1403000000000.0
L_rho: 7242531.033710941
Mp: 0.8
P0: 271.15536160000005
Q_CMB: 7400000000000.0
T0: 6286.5663998
TL0: 5785.0762219888165
XFe: 20.0
alpha_c: 2.007313411538645e-05
beta: 0.83
chi0: 0.056
dTL_dP: 9.0e-09
dTL_dchi: -21000.0
gamma: 1.2888258424568635
k_c: 163.0
r_IC: 1221000.0
r_IC_0: 0.0
r_OC: 2694953.0718003996
rho_0: 12666.159889771232
rho_c: 12502.0
