A_rho: 0.48309737182422924
CP: 1066.8505458637737
DeltaS: 127.0
Deltarho_ICB: 500.0
FeM: 15.0
H: 0.0
K_c: 1403000000000.0
L_rho: 7409726.876488355
Mp: 0.9
P0: 320.248943
Q_CMB: 7400000000000.0
T0: 5862.0125757
TL0: 6302.718092131968
XFe: 30.0
alpha_c: 1.6166002880017338e-05
beta: 0.83
chi0: 0.056
dTL_dP: 9.0e-09
dTL_dchi: -21000.0
gamma: 1.2722278021813216
k_c: 163.0
r_IC: 1221000.0
r_IC_0: 1950332.01803036
r_OC: 2818318.6541446
rho_0: 13288.85587322261
rho_c: 12502.0
