A_rho: 0.49235970614387153
CP: 1054.8198037893922
DeltaS: 127.0
Deltarho_ICB: 500.0
FeM: 15.0
H: 0.0
K_c: 1403000000000.0
L_rho: 7509988.453167138
Mp: 0.9
P0: 348.0674249
Q_CMB: 7400000000000.0
T0: 5951.0730041
TL0: 6578.97680412709
XFe: 35.0
alpha_c: 1.572904247930862e-05
beta: 0.83
chi0: 0.056
dTL_dP: 9.0e-09
dTL_dchi: -21000.0
gamma: 1.269253683436485
k_c: 163.0
r_IC: 1221000.0
r_IC_0: 2302464.8268223302
r_OC: 3042147.6315381
rho_0: 13565.204448473984
rho_c: 12502.0
