A_rho: 0.5035086903295579
CP: 1042.3676016355198
DeltaS: 127.0
Deltarho_ICB: 500.0
FeM: 15.0
H: 0.0
K_c: 1403000000000.0
L_rho: 7598919.925106118
Mp: 0.9
P0: 373.9988159
Q_CMB: 7400000000000.0
T0: 6008.8560279
TL0: 6826.999662405283
XFe: 40.0
alpha_c: 1.5375285748914562e-05
beta: 0.83
chi0: 0.056
dTL_dP: 9.0e-09
dTL_dchi: -21000.0
gamma: 1.2669226079909663
k_c: 163.0
r_IC: 1221000.0
r_IC_0: 2595781.9339807713
r_OC: 3240049.1295339
rho_0: 13814.606024556833
rho_c: 12502.0
