A_rho: 0.5974268970549912
CP: 1093.0799389725546
DeltaS: 127.0
Deltarho_ICB: 500.0
FeM: 0.0
H: 0.0
K_c: 1403000000000.0
L_rho: 7733245.592734841
Mp: 0.8
P0: 400.354447
Q_CMB: 7400000000000.0
T0: 6405.147511300001
TL0: 7070.672347440156
XFe: 55.0
alpha_c: 1.749176840505244e-05
beta: 0.83
chi0: 0.056
dTL_dP: 9.0e-09
dTL_dchi: -21000.0
gamma: 1.2763928728298735
k_c: 163.0
r_IC: 1221000.0
r_IC_0: 2426521.7889755224
r_OC: 3749323.2971681
rho_0: 14010.099281958417
rho_c: 12502.0
