A_rho: 0.689811319293699
CP: 865.2451649824887
DeltaS: 127.0
Deltarho_ICB: 500.0
FeM: 20.0
H: 0.0
K_c: 1403000000000.0
L_rho: 8072663.23822597
Mp: 0.9
P0: 518.7447411
Q_CMB: 7400000000000.0
T0: 4985.1216104
TL0: 8079.84209599883
XFe: 80.0
alpha_c: 1.3466634145907955e-05
beta: 0.83
chi0: 0.056
dTL_dP: 9.0e-09
dTL_dchi: -21000.0
gamma: 1.2629637487061456
k_c: 163.0
r_IC: 1221000.0
r_IC_0: 4148526.052361545
r_OC: 4309648.6042291
rho_0: 15186.682984312869
rho_c: 12502.0
