A_rho: 0.5615986943093101
CP: 955.9308051582985
DeltaS: 127.0
Deltarho_ICB: 500.0
FeM: 20.0
H: 0.0
K_c: 1403000000000.0
L_rho: 7852262.530488925
Mp: 0.9
P0: 455.03324960000003
Q_CMB: 7400000000000.0
T0: 5679.4955382
TL0: 7552.555534499559
XFe: 60.0
alpha_c: 1.3962694242267103e-05
beta: 0.83
chi0: 0.056
dTL_dP: 9.0e-09
dTL_dchi: -21000.0
gamma: 1.2610603346317246
k_c: 163.0
r_IC: 1221000.0
r_IC_0: 3578773.578030742
r_OC: 3803429.2946519996
rho_0: 14593.644490381725
rho_c: 12502.0
