A_rho: 0.5486935931597301
CP: 1146.517702963059
DeltaS: 127.0
Deltarho_ICB: 500.0
FeM: 0.0
H: 0.0
K_c: 1403000000000.0
L_rho: 7562117.63151924
Mp: 0.8
P0: 352.5408604
Q_CMB: 7400000000000.0
T0: 6516.1264344
TL0: 6622.387454371249
XFe: 40.0
alpha_c: 1.8293970186846123e-05
beta: 0.83
chi0: 0.056
dTL_dP: 9.0e-09
dTL_dchi: -21000.0
gamma: 1.2793690952791255
k_c: 163.0
r_IC: 1221000.0
r_IC_0: 1022852.8724686522
r_OC: 3376857.79471
rho_0: 13527.253702241434
rho_c: 12502.0
