A_rho: 0.5882889085986613
CP: 948.0524818707735
DeltaS: 127.0
Deltarho_ICB: 500.0
FeM: 20.0
H: 0.0
K_c: 1403000000000.0
L_rho: 7725569.655444758
Mp: 0.8
P0: 408.3915194
Q_CMB: 7400000000000.0
T0: 5342.4064251
TL0: 7143.420612178393
XFe: 60.0
alpha_c: 1.4657175564171262e-05
beta: 0.83
chi0: 0.056
dTL_dP: 9.0e-09
dTL_dchi: -21000.0
gamma: 1.2686046063135905
k_c: 163.0
r_IC: 1221000.0
r_IC_0: 3459157.4794634324
r_OC: 3682532.0840211
rho_0: 14221.909900761326
rho_c: 12502.0
