A_rho: 0.7345026205687251
CP: 897.5101074367885
DeltaS: 127.0
Deltarho_ICB: 500.0
FeM: 10.0
H: 0.0
K_c: 1403000000000.0
L_rho: 7957812.603645787
Mp: 0.8
P0: 464.63118489999994
Q_CMB: 7400000000000.0
T0: 5029.2341476
TL0: 7634.182139284419
XFe: 80.0
alpha_c: 1.5014600930347401e-05
beta: 0.83
chi0: 0.056
dTL_dP: 9.0e-09
dTL_dchi: -21000.0
gamma: 1.2730568659796002
k_c: 163.0
r_IC: 1221000.0
r_IC_0: 3904272.439200901
r_OC: 4216916.9216296
rho_0: 14742.5229768188
rho_c: 12502.0
