A_rho: 0.47551440924185684
CP: 1079.040672884042
DeltaS: 127.0
Deltarho_ICB: 500.0
FeM: 15.0
H: 0.0
K_c: 1403000000000.0
L_rho: 7289824.016078196
Mp: 0.9
P0: 289.0706879
Q_CMB: 7400000000000.0
T0: 5731.821306600001
TL0: 5978.865768386557
XFe: 25.0
alpha_c: 1.6740237128781257e-05
beta: 0.83
chi0: 0.056
dTL_dP: 9.0e-09
dTL_dchi: -21000.0
gamma: 1.2761869234506251
k_c: 163.0
r_IC: 1221000.0
r_IC_0: 1474545.0731110673
r_OC: 2548443.1403937
rho_0: 12966.297170793821
rho_c: 12502.0
