A_rho: 0.5164560717236159
CP: 1115.4277663190999
DeltaS: 127.0
Deltarho_ICB: 500.0
FeM: 5.0
H: 0.0
K_c: 1403000000000.0
L_rho: 7660673.3353586355
Mp: 0.9
P0: 387.3222986
Q_CMB: 7400000000000.0
T0: 6603.333976
TL0: 6951.188282764682
XFe: 40.0
alpha_c: 1.6672159135784264e-05
beta: 0.83
chi0: 0.056
dTL_dP: 9.0e-09
dTL_dchi: -21000.0
gamma: 1.2699472307509898
k_c: 163.0
r_IC: 1221000.0
r_IC_0: 1817562.123221151
r_OC: 3413273.4484775
rho_0: 13860.412685061889
rho_c: 12502.0
