A_rho: 0.4702387420876291
CP: 1044.7656549682529
DeltaS: 127.0
Deltarho_ICB: 500.0
FeM: 20.0
H: 0.0
K_c: 1403000000000.0
L_rho: 7215858.719060815
Mp: 0.9
P0: 272.5498387
Q_CMB: 7400000000000.0
T0: 5393.3009188000005
TL0: 5800.378952487278
XFe: 25.0
alpha_c: 1.6326713879039168e-05
beta: 0.83
chi0: 0.056
dTL_dP: 9.0e-09
dTL_dchi: -21000.0
gamma: 1.2765207720788043
k_c: 163.0
r_IC: 1221000.0
r_IC_0: 1824583.9762626712
r_OC: 2348956.8126768996
rho_0: 12829.675667453703
rho_c: 12502.0
