A_rho: 0.6190768794556104
CP: 1071.0114130963846
DeltaS: 127.0
Deltarho_ICB: 500.0
FeM: 0.0
H: 0.0
K_c: 1403000000000.0
L_rho: 7786250.02362557
Mp: 0.8
P0: 415.27259560000005
Q_CMB: 7400000000000.0
T0: 6308.7760538
TL0: 7205.15535973129
XFe: 60.0
alpha_c: 1.7245912257603644e-05
beta: 0.83
chi0: 0.056
dTL_dP: 9.0e-09
dTL_dchi: -21000.0
gamma: 1.2758529076548835
k_c: 163.0
r_IC: 1221000.0
r_IC_0: 2750549.865393344
r_OC: 3863884.5602129
rho_0: 14160.866115945086
rho_c: 12502.0
