A_rho: 0.6633212731528639
CP: 943.0710595825392
DeltaS: 127.0
Deltarho_ICB: 500.0
FeM: 10.0
H: 0.0
K_c: 1403000000000.0
L_rho: 8039084.587685569
Mp: 0.9
P0: 504.8979906
Q_CMB: 7400000000000.0
T0: 5685.0305072
TL0: 7968.041551080227
XFe: 75.0
alpha_c: 1.4646910938205867e-05
beta: 0.83
chi0: 0.056
dTL_dP: 9.0e-09
dTL_dchi: -21000.0
gamma: 1.265208187148677
k_c: 163.0
r_IC: 1221000.0
r_IC_0: 3858439.6766476543
r_OC: 4248972.609291299
rho_0: 15002.913615796282
rho_c: 12502.0
