A_rho: 0.4796834676538887
CP: 1115.2674555775452
DeltaS: 127.0
Deltarho_ICB: 500.0
FeM: 10.0
H: 0.0
K_c: 1403000000000.0
L_rho: 7357590.087932705
Mp: 0.9
P0: 303.8900227
Q_CMB: 7400000000000.0
T0: 6073.130775899999
TL0: 6134.803854648292
XFe: 25.0
alpha_c: 1.722954739020876e-05
beta: 0.83
chi0: 0.056
dTL_dP: 9.0e-09
dTL_dchi: -21000.0
gamma: 1.276291019445476
k_c: 163.0
r_IC: 1221000.0
r_IC_0: 764429.1492912325
r_OC: 2721537.7055035997
rho_0: 13079.158214379364
rho_c: 12502.0
