A_rho: 0.5644825035621087
CP: 1040.2010289566215
DeltaS: 127.0
Deltarho_ICB: 500.0
FeM: 10.0
H: 0.0
K_c: 1403000000000.0
L_rho: 7640044.45616838
Mp: 0.8
P0: 379.2745486
Q_CMB: 7400000000000.0
T0: 5934.5302395
TL0: 6876.427523280354
XFe: 50.0
alpha_c: 1.6272850123937378e-05
beta: 0.83
chi0: 0.056
dTL_dP: 9.0e-09
dTL_dchi: -21000.0
gamma: 1.2733500382200758
k_c: 163.0
r_IC: 1221000.0
r_IC_0: 2751593.5980063207
r_OC: 3516466.6358952997
rho_0: 13874.484661668632
rho_c: 12502.0
