A_rho: 0.5383754190810234
CP: 1048.8263812647358
DeltaS: 127.0
Deltarho_ICB: 500.0
FeM: 10.0
H: 0.0
K_c: 1403000000000.0
L_rho: 7768768.48338446
Mp: 0.9
P0: 423.37541699999997
Q_CMB: 7400000000000.0
T0: 6304.6848659
TL0: 7277.218545771058
XFe: 50.0
alpha_c: 1.5487570428414288e-05
beta: 0.83
chi0: 0.056
dTL_dP: 9.0e-09
dTL_dchi: -21000.0
gamma: 1.2656687724892135
k_c: 163.0
r_IC: 1221000.0
r_IC_0: 2841999.682549747
r_OC: 3637486.8746315003
rho_0: 14237.677647116518
rho_c: 12502.0
