A_rho: 0.5558182889272297
CP: 1032.9953699741118
DeltaS: 127.0
Deltarho_ICB: 500.0
FeM: 10.0
H: 0.0
K_c: 1403000000000.0
L_rho: 7826608.151925337
Mp: 0.9
P0: 441.399486
Q_CMB: 7400000000000.0
T0: 6258.562242
TL0: 7435.156311611275
XFe: 55.0
alpha_c: 1.530423936376153e-05
beta: 0.83
chi0: 0.056
dTL_dP: 9.0e-09
dTL_dchi: -21000.0
gamma: 1.2650098957618825
k_c: 163.0
r_IC: 1221000.0
r_IC_0: 3070540.8318479937
r_OC: 3769929.2988182
rho_0: 14404.334224292146
rho_c: 12502.0
