A_rho: 0.3736333035409644
CP: 1212.360593476294
DeltaS: 127.0
Deltarho_ICB: 500.0
FeM: 5.0
H: 0.0
K_c: 1403000000000.0
L_rho: 7705571.763942685
Mp: 1.5
P0: 410.8687221
Q_CMB: 7400000000000.0
T0: 7772.7929309
TL0: 7165.702957540459
XFe: 15.0
alpha_c: 1.5083561721373567e-05
beta: 0.83
chi0: 0.056
dTL_dP: 9.0e-09
dTL_dchi: -21000.0
gamma: 1.2501512636701493
k_c: 163.0
r_IC: 1221000.0
r_IC_0: 0.0
r_OC: 2674705.881251
rho_0: 13916.27043378967
rho_c: 12502.0
