A_rho: 0.48694248036801685
CP: 1003.6402939914
DeltaS: 127.0
Deltarho_ICB: 500.0
FeM: 20.0
H: 0.0
K_c: 1403000000000.0
L_rho: 7759583.691876184
Mp: 1.0
P0: 430.7519534
Q_CMB: 7400000000000.0
T0: 6068.214685399999
TL0: 7342.242951175984
XFe: 45.0
alpha_c: 1.3858266150961984e-05
beta: 0.83
chi0: 0.056
dTL_dP: 9.0e-09
dTL_dchi: -21000.0
gamma: 1.2567700476710744
k_c: 163.0
r_IC: 1221000.0
r_IC_0: 3133332.5229444606
r_OC: 3427306.106982
rho_0: 14335.689518723775
rho_c: 12502.0
