A_rho: 0.47794034189496604
CP: 1028.0263638481345
DeltaS: 127.0
Deltarho_ICB: 500.0
FeM: 10.0
H: 0.0
K_c: 1403000000000.0
L_rho: 8522511.525561923
Mp: 1.5
P0: 773.8626255
Q_CMB: 7400000000000.0
T0: 8014.473026000001
TL0: 9928.042067036466
XFe: 65.0
alpha_c: 1.1932390075497211e-05
beta: 0.83
chi0: 0.056
dTL_dP: 9.0e-09
dTL_dchi: -21000.0
gamma: 1.2297985838267693
k_c: 163.0
r_IC: 1221000.0
r_IC_0: 3986587.164536653
r_OC: 4613376.86314
rho_0: 16683.56498191186
rho_c: 12502.0
