A_rho: 0.4052267301840093
CP: 1144.0282998147352
DeltaS: 127.0
Deltarho_ICB: 500.0
FeM: 5.0
H: 0.0
K_c: 1403000000000.0
L_rho: 8230963.022545475
Mp: 1.5
P0: 626.8102471
Q_CMB: 7400000000000.0
T0: 8568.641659199999
TL0: 8906.904576030931
XFe: 40.0
alpha_c: 1.306382023501339e-05
beta: 0.83
chi0: 0.056
dTL_dP: 9.0e-09
dTL_dchi: -21000.0
gamma: 1.2342181399532506
k_c: 163.0
r_IC: 1221000.0
r_IC_0: 1914151.709699365
r_OC: 3914988.7141528
rho_0: 15613.34160561942
rho_c: 12502.0
