A_rho: 0.5000619188887823
CP: 1056.593165634247
DeltaS: 127.0
Deltarho_ICB: 500.0
FeM: 0.0
H: 0.0
K_c: 1403000000000.0
L_rho: 8876272.45058993
Mp: 1.8
P0: 984.6299517000001
Q_CMB: 7400000000000.0
T0: 9169.198741700002
TL0: 11239.249993180218
XFe: 75.0
alpha_c: 1.1901770586864226e-05
beta: 0.83
chi0: 0.056
dTL_dP: 9.0e-09
dTL_dchi: -21000.0
gamma: 1.222344648314845
k_c: 163.0
r_IC: 1221000.0
r_IC_0: 4251963.605158698
r_OC: 5189084.0693579
rho_0: 17827.05387012155
rho_c: 12502.0
