A_rho: 0.5753523306669174
CP: 1002.8242975123684
DeltaS: 127.0
Deltarho_ICB: 500.0
FeM: 10.0
H: 0.0
K_c: 1403000000000.0
L_rho: 8054890.080382952
Mp: 1.0
P0: 524.802829
Q_CMB: 7400000000000.0
T0: 6422.2671863000005
TL0: 8128.300307024649
XFe: 65.0
alpha_c: 1.4343768079841884e-05
beta: 0.83
chi0: 0.056
dTL_dP: 9.0e-09
dTL_dchi: -21000.0
gamma: 1.257652583328393
k_c: 163.0
r_IC: 1221000.0
r_IC_0: 3587810.755258644
r_OC: 4139457.3729018997
rho_0: 15081.98072393411
rho_c: 12502.0
