A_rho: 0.3875053894441948
CP: 1021.0347532621673
DeltaS: 127.0
Deltarho_ICB: 500.0
FeM: 20.0
H: 0.0
K_c: 1403000000000.0
L_rho: 8288153.415485404
Mp: 1.6
P0: 674.1667525
Q_CMB: 7400000000000.0
T0: 7709.8779751
TL0: 9247.34136246513
XFe: 45.0
alpha_c: 1.0935824251143851e-05
beta: 0.83
chi0: 0.056
dTL_dP: 9.0e-09
dTL_dchi: -21000.0
gamma: 1.2232827484214197
k_c: 163.0
r_IC: 1221000.0
r_IC_0: 3612219.2697576187
r_OC: 3882511.4515323997
rho_0: 16053.759060142596
rho_c: 12502.0
