A_rho: 0.4528402839934127
CP: 983.7368851885059
DeltaS: 127.0
Deltarho_ICB: 500.0
FeM: 15.0
H: 0.0
K_c: 1403000000000.0
L_rho: 8787117.544183042
Mp: 1.8
P0: 959.9809941999999
Q_CMB: 7400000000000.0
T0: 8338.1837998
TL0: 11093.458712277263
XFe: 70.0
alpha_c: 1.0383599551804867e-05
beta: 0.83
chi0: 0.056
dTL_dP: 9.0e-09
dTL_dchi: -21000.0
gamma: 1.2152209016743363
k_c: 163.0
r_IC: 1221000.0
r_IC_0: 4594547.381483449
r_OC: 4943179.026352201
rho_0: 17770.832596480403
rho_c: 12502.0
