A_rho: 0.4139832359012216
CP: 1107.8386539804956
DeltaS: 127.0
Deltarho_ICB: 500.0
FeM: 15.0
H: 0.0
K_c: 1403000000000.0
L_rho: 7432615.71713089
Mp: 1.2
P0: 329.21918910000005
Q_CMB: 7400000000000.0
T0: 6341.733921999999
TL0: 6393.027342960542
XFe: 20.0
alpha_c: 1.5359495551081313e-05
beta: 0.83
chi0: 0.056
dTL_dP: 9.0e-09
dTL_dchi: -21000.0
gamma: 1.2622248045363322
k_c: 163.0
r_IC: 1221000.0
r_IC_0: 705847.8999931592
r_OC: 2380531.0898931
rho_0: 13312.37108764195
rho_c: 12502.0
