A_rho: 0.4418096041362518
CP: 1048.7197375300218
DeltaS: 127.0
Deltarho_ICB: 500.0
FeM: 10.0
H: 0.0
K_c: 1403000000000.0
L_rho: 8544316.501025626
Mp: 1.6
P0: 796.7400881
Q_CMB: 7400000000000.0
T0: 8422.9005117
TL0: 10078.126355419849
XFe: 60.0
alpha_c: 1.1591988356117578e-05
beta: 0.83
chi0: 0.056
dTL_dP: 9.0e-09
dTL_dchi: -21000.0
gamma: 1.2247862795468838
k_c: 163.0
r_IC: 1221000.0
r_IC_0: 3819065.691221429
r_OC: 4552244.3347222
rho_0: 16788.8887340604
rho_c: 12502.0
