A_rho: 0.503455845931794
CP: 1013.2062486086131
DeltaS: 127.0
Deltarho_ICB: 500.0
FeM: 15.0
H: 0.0
K_c: 1403000000000.0
L_rho: 8032246.245557199
Mp: 1.1
P0: 529.9343706999999
Q_CMB: 7400000000000.0
T0: 6655.4780631
TL0: 8169.1353126668
XFe: 55.0
alpha_c: 1.342875789142452e-05
beta: 0.83
chi0: 0.056
dTL_dP: 9.0e-09
dTL_dchi: -21000.0
gamma: 1.2497176328257078
k_c: 163.0
r_IC: 1221000.0
r_IC_0: 3456903.8722684267
r_OC: 3927769.6509629
rho_0: 15098.22766893954
rho_c: 12502.0
