A_rho: 0.4479962953936749
CP: 1012.0214173941555
DeltaS: 127.0
Deltarho_ICB: 500.0
FeM: 20.0
H: 0.0
K_c: 1403000000000.0
L_rho: 7961568.562048863
Mp: 1.2
P0: 511.79974749999997
Q_CMB: 7400000000000.0
T0: 6655.9652484
TL0: 8023.950651048261
XFe: 45.0
alpha_c: 1.2695491897316199e-05
beta: 0.83
chi0: 0.056
dTL_dP: 9.0e-09
dTL_dchi: -21000.0
gamma: 1.2440862314653898
k_c: 163.0
r_IC: 1221000.0
r_IC_0: 3313697.521875627
r_OC: 3602279.6439469
rho_0: 14954.04532073039
rho_c: 12502.0
