A_rho: 0.5321777672008609
CP: 968.5665062183818
DeltaS: 127.0
Deltarho_ICB: 500.0
FeM: 15.0
H: 0.0
K_c: 1403000000000.0
L_rho: 8398115.801328233
Mp: 1.3
P0: 695.7775079
Q_CMB: 7400000000000.0
T0: 6946.872730399999
TL0: 9398.833644620092
XFe: 70.0
alpha_c: 1.2180427305065748e-05
beta: 0.83
chi0: 0.056
dTL_dP: 9.0e-09
dTL_dchi: -21000.0
gamma: 1.2384950738143057
k_c: 163.0
r_IC: 1221000.0
r_IC_0: 4196244.400592643
r_OC: 4535959.7151014
rho_0: 16276.770762889739
rho_c: 12502.0
