A_rho: 0.47907203230787837
CP: 1078.5867613468608
DeltaS: 127.0
Deltarho_ICB: 500.0
FeM: 5.0
H: 0.0
K_c: 1403000000000.0
L_rho: 8403458.273232572
Mp: 1.4
P0: 701.4232559
Q_CMB: 7400000000000.0
T0: 8176.6257722
TL0: 9438.033124705424
XFe: 60.0
alpha_c: 1.298012397665999e-05
beta: 0.83
chi0: 0.056
dTL_dP: 9.0e-09
dTL_dchi: -21000.0
gamma: 1.2364642681680584
k_c: 163.0
r_IC: 1221000.0
r_IC_0: 3406221.9706230816
r_OC: 4448304.8325546
rho_0: 16186.539724407257
rho_c: 12502.0
