A_rho: 0.44721591048492054
CP: 1115.6369280889567
DeltaS: 127.0
Deltarho_ICB: 500.0
FeM: 10.0
H: 0.0
K_c: 1403000000000.0
L_rho: 7672552.2124359235
Mp: 1.1
P0: 399.0997598
Q_CMB: 7400000000000.0
T0: 6817.885502399999
TL0: 7059.251740232576
XFe: 30.0
alpha_c: 1.5265092629293376e-05
beta: 0.83
chi0: 0.056
dTL_dP: 9.0e-09
dTL_dchi: -21000.0
gamma: 1.2593919202831412
k_c: 163.0
r_IC: 1221000.0
r_IC_0: 1539962.3950275322
r_OC: 3118570.7965126
rho_0: 13944.010665752867
rho_c: 12502.0
