A_rho: 0.4703335734418221
CP: 1061.1240958373282
DeltaS: 127.0
Deltarho_ICB: 500.0
FeM: 15.0
H: 0.0
K_c: 1403000000000.0
L_rho: 7619850.537682281
Mp: 1.0
P0: 383.0234041
Q_CMB: 7400000000000.0
T0: 6263.835550899999
TL0: 6911.347821791373
XFe: 35.0
alpha_c: 1.5004686590981134e-05
beta: 0.83
chi0: 0.056
dTL_dP: 9.0e-09
dTL_dchi: -21000.0
gamma: 1.262247465364397
k_c: 163.0
r_IC: 1221000.0
r_IC_0: 2371368.1990742874
r_OC: 3128953.6884964
rho_0: 13867.407967418274
rho_c: 12502.0
