A_rho: 0.693687634800773
CP: 968.4923216854316
DeltaS: 127.0
Deltarho_ICB: 500.0
FeM: 0.0
H: 0.0
K_c: 1403000000000.0
L_rho: 8226409.70698542
Mp: 1.0
P0: 569.8328362000001
Q_CMB: 7400000000000.0
T0: 6178.8024901
TL0: 8480.308709371724
XFe: 80.0
alpha_c: 1.4980754621670778e-05
beta: 0.83
chi0: 0.056
dTL_dP: 9.0e-09
dTL_dchi: -21000.0
gamma: 1.2627490994515187
k_c: 163.0
r_IC: 1221000.0
r_IC_0: 3965770.373730584
r_OC: 4530566.962117501
rho_0: 15452.169568648276
rho_c: 12502.0
