A_rho: 0.6179562156517232
CP: 1041.4331142188983
DeltaS: 127.0
Deltarho_ICB: 500.0
FeM: 0.0
H: 0.0
K_c: 1403000000000.0
L_rho: 8128375.161586575
Mp: 1.0
P0: 541.2262795
Q_CMB: 7400000000000.0
T0: 6779.831330399999
TL0: 8258.322436921968
XFe: 70.0
alpha_c: 1.5468876111051276e-05
beta: 0.83
chi0: 0.056
dTL_dP: 9.0e-09
dTL_dchi: -21000.0
gamma: 1.2618031697202756
k_c: 163.0
r_IC: 1221000.0
r_IC_0: 3451852.1297030235
r_OC: 4325132.6500035
rho_0: 15168.188396432892
rho_c: 12502.0
