A_rho: 0.5035533991383021
CP: 1006.5941873323102
DeltaS: 127.0
Deltarho_ICB: 500.0
FeM: 10.0
H: 0.0
K_c: 1403000000000.0
L_rho: 8578832.217497448
Mp: 1.5
P0: 800.0267577000001
Q_CMB: 7400000000000.0
T0: 7844.4493352
TL0: 10099.515461248748
XFe: 70.0
alpha_c: 1.1888633385674604e-05
beta: 0.83
chi0: 0.056
dTL_dP: 9.0e-09
dTL_dchi: -21000.0
gamma: 1.2303720980947443
k_c: 163.0
r_IC: 1221000.0
r_IC_0: 4211721.150360725
r_OC: 4750396.0964109
rho_0: 16865.32161475631
rho_c: 12502.0
