A_rho: 0.4993145670204475
CP: 1165.242717430466
DeltaS: 127.0
Deltarho_ICB: 500.0
FeM: 0.0
H: 0.0
K_c: 1403000000000.0
L_rho: 7802751.517814628
Mp: 1.0
P0: 432.8759272
Q_CMB: 7400000000000.0
T0: 7293.4719419
TL0: 7360.865517709175
XFe: 40.0
alpha_c: 1.6654069658696637e-05
beta: 0.83
chi0: 0.056
dTL_dP: 9.0e-09
dTL_dchi: -21000.0
gamma: 1.2647467532119543
k_c: 163.0
r_IC: 1221000.0
r_IC_0: 843007.0625803807
r_OC: 3593919.9753545998
rho_0: 14190.6949594347
rho_c: 12502.0
