A_rho: 0.4411012214614031
CP: 1182.1723847740666
DeltaS: 127.0
Deltarho_ICB: 500.0
FeM: 0.0
H: 0.0
K_c: 1403000000000.0
L_rho: 8096460.81215107
Mp: 1.3
P0: 554.0773058999999
Q_CMB: 7400000000000.0
T0: 8344.420932100002
TL0: 8358.73296401156
XFe: 40.0
alpha_c: 1.472916492045245e-05
beta: 0.83
chi0: 0.056
dTL_dP: 9.0e-09
dTL_dchi: -21000.0
gamma: 1.2464835126528162
k_c: 163.0
r_IC: 1221000.0
r_IC_0: 402548.53474722826
r_OC: 3857290.5972391
rho_0: 15082.313099735931
rho_c: 12502.0
