A_rho: 0.525297904723941
CP: 940.928407403319
DeltaS: 127.0
Deltarho_ICB: 500.0
FeM: 20.0
H: 0.0
K_c: 1403000000000.0
L_rho: 8384544.503470678
Mp: 1.3
P0: 694.5195819
Q_CMB: 7400000000000.0
T0: 6660.7412558
TL0: 9390.078638883877
XFe: 70.0
alpha_c: 1.1697086635022862e-05
beta: 0.83
chi0: 0.056
dTL_dP: 9.0e-09
dTL_dchi: -21000.0
gamma: 1.2367451820795072
k_c: 163.0
r_IC: 1221000.0
r_IC_0: 4307041.0108554065
r_OC: 4495086.1826781
rho_0: 16297.629463572777
rho_c: 12502.0
