A_rho: 0.3894327298509625
CP: 1051.9061765022507
DeltaS: 127.0
Deltarho_ICB: 500.0
FeM: 20.0
H: 0.0
K_c: 1403000000000.0
L_rho: 7824894.075125522
Mp: 1.4
P0: 463.3815556
Q_CMB: 7400000000000.0
T0: 6864.2190275
TL0: 7623.601153640505
XFe: 30.0
alpha_c: 1.2650064284922789e-05
beta: 0.83
chi0: 0.056
dTL_dP: 9.0e-09
dTL_dchi: -21000.0
gamma: 1.2411294418706735
k_c: 163.0
r_IC: 1221000.0
r_IC_0: 2604197.626918528
r_OC: 3007261.8386285
rho_0: 14522.541675624823
rho_c: 12502.0
