A_rho: 0.4134158829758173
CP: 996.6822625610729
DeltaS: 127.0
Deltarho_ICB: 500.0
FeM: 20.0
H: 0.0
K_c: 1403000000000.0
L_rho: 8440403.51170947
Mp: 1.6
P0: 754.006502
Q_CMB: 7400000000000.0
T0: 7755.0075043
TL0: 9796.02503144302
XFe: 55.0
alpha_c: 1.0665318423382665e-05
beta: 0.83
chi0: 0.056
dTL_dP: 9.0e-09
dTL_dchi: -21000.0
gamma: 1.22111027241624
k_c: 163.0
r_IC: 1221000.0
r_IC_0: 4036699.1067187735
r_OC: 4261432.6179875
rho_0: 16588.678699559317
rho_c: 12502.0
