A_rho: 0.4150135373932049
CP: 1100.974553622263
DeltaS: 127.0
Deltarho_ICB: 500.0
FeM: 10.0
H: 0.0
K_c: 1403000000000.0
L_rho: 8118539.048429967
Mp: 1.4
P0: 576.6956798
Q_CMB: 7400000000000.0
T0: 7878.4830185
TL0: 8532.754761632497
XFe: 40.0
alpha_c: 1.295928745362357e-05
beta: 0.83
chi0: 0.056
dTL_dP: 9.0e-09
dTL_dchi: -21000.0
gamma: 1.2376389179591434
k_c: 163.0
r_IC: 1221000.0
r_IC_0: 2541215.247690813
r_OC: 3749169.8245842005
rho_0: 15319.634333982562
rho_c: 12502.0
