A_rho: 0.49993511236131566
CP: 1070.696511072388
DeltaS: 127.0
Deltarho_ICB: 500.0
FeM: 10.0
H: 0.0
K_c: 1403000000000.0
L_rho: 7817159.4871371845
Mp: 1.0
P0: 444.2416734
Q_CMB: 7400000000000.0
T0: 6664.552121199999
TL0: 7459.77368477516
XFe: 45.0
alpha_c: 1.5004903925210428e-05
beta: 0.83
chi0: 0.056
dTL_dP: 9.0e-09
dTL_dchi: -21000.0
gamma: 1.2597715040687374
k_c: 163.0
r_IC: 1221000.0
r_IC_0: 2649673.7562517026
r_OC: 3592262.5945249
rho_0: 14378.624039105262
rho_c: 12502.0
