A_rho: 0.533605255528908
CP: 1069.2933753673544
DeltaS: 127.0
Deltarho_ICB: 500.0
FeM: 0.0
H: 0.0
K_c: 1403000000000.0
L_rho: 8523325.886652825
Mp: 1.4
P0: 748.4453002
Q_CMB: 7400000000000.0
T0: 8194.9785307
TL0: 9758.74900647643
XFe: 70.0
alpha_c: 1.3433628675513091e-05
beta: 0.83
chi0: 0.056
dTL_dP: 9.0e-09
dTL_dchi: -21000.0
gamma: 1.2391977227296216
k_c: 163.0
r_IC: 1221000.0
r_IC_0: 3716766.0338554587
r_OC: 4743156.798179401
rho_0: 16496.40961308114
rho_c: 12502.0
