A_rho: 0.4447627686070206
CP: 981.4616600691763
DeltaS: 127.0
Deltarho_ICB: 500.0
FeM: 20.0
H: 0.0
K_c: 1403000000000.0
L_rho: 8430190.679091305
Mp: 1.5
P0: 739.7227230000001
Q_CMB: 7400000000000.0
T0: 7444.5910818
TL0: 9700.011041023803
XFe: 60.0
alpha_c: 1.098695369214619e-05
beta: 0.83
chi0: 0.056
dTL_dP: 9.0e-09
dTL_dchi: -21000.0
gamma: 1.2258312663702082
k_c: 163.0
r_IC: 1221000.0
r_IC_0: 4146415.446067778
r_OC: 4359064.1666361
rho_0: 16522.560626909664
rho_c: 12502.0
