A_rho: 0.5160001730254509
CP: 1074.4260246871866
DeltaS: 127.0
Deltarho_ICB: 500.0
FeM: 0.0
H: 0.0
K_c: 1403000000000.0
L_rho: 8604040.687906569
Mp: 1.5
P0: 799.7976999
Q_CMB: 7400000000000.0
T0: 8521.5212545
TL0: 10098.026173912498
XFe: 70.0
alpha_c: 1.3024024743725951e-05
beta: 0.83
chi0: 0.056
dTL_dP: 9.0e-09
dTL_dchi: -21000.0
gamma: 1.2344205866692366
k_c: 163.0
r_IC: 1221000.0
r_IC_0: 3765467.308273306
r_OC: 4828530.336528501
rho_0: 16793.530935215298
rho_c: 12502.0
