A_rho: 0.3715203813288243
CP: 1115.7373792087785
DeltaS: 127.0
Deltarho_ICB: 500.0
FeM: 15.0
H: 0.0
K_c: 1403000000000.0
L_rho: 7672451.983083111
Mp: 1.5
P0: 405.7336289
Q_CMB: 7400000000000.0
T0: 7050.663723899999
TL0: 7119.439964184297
XFe: 20.0
alpha_c: 1.3711926985555297e-05
beta: 0.83
chi0: 0.056
dTL_dP: 9.0e-09
dTL_dchi: -21000.0
gamma: 1.2462582579632966
k_c: 163.0
r_IC: 1221000.0
r_IC_0: 840037.3585144414
r_OC: 2527735.9784843
rho_0: 13974.459879780528
rho_c: 12502.0
