A_rho: 0.4307989742462205
CP: 1103.5602663148313
DeltaS: 127.0
Deltarho_ICB: 500.0
FeM: 15.0
H: 0.0
K_c: 1403000000000.0
L_rho: 7344113.024198493
Mp: 1.1
P0: 304.40529489999994
Q_CMB: 7400000000000.0
T0: 6091.4027017
TL0: 6140.158734378523
XFe: 20.0
alpha_c: 1.6002499925757435e-05
beta: 0.83
chi0: 0.056
dTL_dP: 9.0e-09
dTL_dchi: -21000.0
gamma: 1.2681512612370032
k_c: 163.0
r_IC: 1221000.0
r_IC_0: 680068.1944856422
r_OC: 2329338.2509115003
rho_0: 13081.942630325226
rho_c: 12502.0
