A_rho: 0.3392751569564866
CP: 1216.6374808924518
DeltaS: 127.0
Deltarho_ICB: 500.0
FeM: 5.0
H: 0.0
K_c: 1403000000000.0
L_rho: 7906886.708928219
Mp: 1.8
P0: 487.52858939999993
Q_CMB: 7400000000000.0
T0: 8482.5137582
TL0: 7825.6741389486615
XFe: 15.0
alpha_c: 1.3676949516390565e-05
beta: 0.83
chi0: 0.056
dTL_dP: 9.0e-09
dTL_dchi: -21000.0
gamma: 1.2366663926785086
k_c: 163.0
r_IC: 1221000.0
r_IC_0: 0.0
r_OC: 2798293.8445723997
rho_0: 14510.805736950211
rho_c: 12502.0
