A_rho: 0.45935062183095837
CP: 989.8826021601502
DeltaS: 127.0
Deltarho_ICB: 500.0
FeM: 20.0
H: 0.0
K_c: 1403000000000.0
L_rho: 8201437.618704623
Mp: 1.3
P0: 616.7673838
Q_CMB: 7400000000000.0
T0: 6948.264677300001
TL0: 8833.122123792948
XFe: 55.0
alpha_c: 1.1890037842182238e-05
beta: 0.83
chi0: 0.056
dTL_dP: 9.0e-09
dTL_dchi: -21000.0
gamma: 1.2362972501686802
k_c: 163.0
r_IC: 1221000.0
r_IC_0: 3804486.0950639746
r_OC: 4042468.3662834
rho_0: 15726.387619303145
rho_c: 12502.0
