A_rho: 0.5059041352685999
CP: 988.8861324617903
DeltaS: 127.0
Deltarho_ICB: 500.0
FeM: 15.0
H: 0.0
K_c: 1403000000000.0
L_rho: 8340881.5242541805
Mp: 1.3
P0: 672.2530981000001
Q_CMB: 7400000000000.0
T0: 7100.807373999999
TL0: 9233.813799641133
XFe: 65.0
alpha_c: 1.2238677129039853e-05
beta: 0.83
chi0: 0.056
dTL_dP: 9.0e-09
dTL_dchi: -21000.0
gamma: 1.238004076572295
k_c: 163.0
r_IC: 1221000.0
r_IC_0: 4013781.822455672
r_OC: 4398328.6364943
rho_0: 16101.404881917804
rho_c: 12502.0
