A_rho: 0.44933758980984495
CP: 1098.414515125411
DeltaS: 127.0
Deltarho_ICB: 500.0
FeM: 15.0
H: 0.0
K_c: 1403000000000.0
L_rho: 7245562.857785275
Mp: 1.0
P0: 278.7296007
Q_CMB: 7400000000000.0
T0: 5824.692622899999
TL0: 5867.741960423227
XFe: 20.0
alpha_c: 1.6730117204461615e-05
beta: 0.83
chi0: 0.056
dTL_dP: 9.0e-09
dTL_dchi: -21000.0
gamma: 1.2746446292584346
k_c: 163.0
r_IC: 1221000.0
r_IC_0: 630425.7754484816
r_OC: 2266737.0356041
rho_0: 12833.141549880005
rho_c: 12502.0
