A_rho: 0.5390713756568669
CP: 997.9002567087166
DeltaS: 127.0
Deltarho_ICB: 500.0
FeM: 10.0
H: 0.0
K_c: 1403000000000.0
L_rho: 8412020.759469092
Mp: 1.3
P0: 696.9747066000001
Q_CMB: 7400000000000.0
T0: 7241.545740199999
TL0: 9407.158868963132
XFe: 70.0
alpha_c: 1.2698144576936743e-05
beta: 0.83
chi0: 0.056
dTL_dP: 9.0e-09
dTL_dchi: -21000.0
gamma: 1.240303272378939
k_c: 163.0
r_IC: 1221000.0
r_IC_0: 4060510.5684468816
r_OC: 4576647.5143061
rho_0: 16254.019964467334
rho_c: 12502.0
