A_rho: 0.4169306552579652
CP: 1203.0965657343454
DeltaS: 127.0
Deltarho_ICB: 500.0
FeM: 5.0
H: 0.0
K_c: 1403000000000.0
L_rho: 7463705.830810123
Mp: 1.2
P0: 333.4316101
Q_CMB: 7400000000000.0
T0: 6987.002683499999
TL0: 6435.024440316079
XFe: 15.0
alpha_c: 1.6882541025037466e-05
beta: 0.83
chi0: 0.056
dTL_dP: 9.0e-09
dTL_dchi: -21000.0
gamma: 1.2661652078274448
k_c: 163.0
r_IC: 1221000.0
r_IC_0: 0.0
r_OC: 2518503.0474925
rho_0: 13255.23494371771
rho_c: 12502.0
