A_rho: 0.5585069225080064
CP: 993.1218515988148
DeltaS: 127.0
Deltarho_ICB: 500.0
FeM: 10.0
H: 0.0
K_c: 1403000000000.0
L_rho: 8315667.041810149
Mp: 1.2
P0: 643.8522751
Q_CMB: 7400000000000.0
T0: 6924.2409855000005
TL0: 9030.808336339349
XFe: 70.0
alpha_c: 1.316825641894002e-05
beta: 0.83
chi0: 0.056
dTL_dP: 9.0e-09
dTL_dchi: -21000.0
gamma: 1.245859071273637
k_c: 163.0
r_IC: 1221000.0
r_IC_0: 3969299.3264419343
r_OC: 4474590.2796362
rho_0: 15918.932520429833
rho_c: 12502.0
