A_rho: 0.4841637148068029
CP: 1062.2970143340451
DeltaS: 127.0
Deltarho_ICB: 500.0
FeM: 5.0
H: 0.0
K_c: 1403000000000.0
L_rho: 8538849.986470956
Mp: 1.5
P0: 776.0155789
Q_CMB: 7400000000000.0
T0: 8362.4051067
TL0: 9942.257133668712
XFe: 65.0
alpha_c: 1.2484706006947709e-05
beta: 0.83
chi0: 0.056
dTL_dP: 9.0e-09
dTL_dchi: -21000.0
gamma: 1.2317665648688256
k_c: 163.0
r_IC: 1221000.0
r_IC_0: 3748106.657097812
r_OC: 4662542.9889382
rho_0: 16660.59907110605
rho_c: 12502.0
