A_rho: 0.4245614381934594
CP: 1082.0457072875877
DeltaS: 127.0
Deltarho_ICB: 500.0
FeM: 15.0
H: 0.0
K_c: 1403000000000.0
L_rho: 7713024.407785229
Mp: 1.2
P0: 417.13631719999995
Q_CMB: 7400000000000.0
T0: 6735.964075399999
TL0: 7221.790500536168
XFe: 30.0
alpha_c: 1.4135207526342781e-05
beta: 0.83
chi0: 0.056
dTL_dP: 9.0e-09
dTL_dchi: -21000.0
gamma: 1.2526321775890326
k_c: 163.0
r_IC: 1221000.0
r_IC_0: 2126291.1418787753
r_OC: 3045132.6106636003
rho_0: 14125.017512884753
rho_c: 12502.0
