A_rho: 0.6318805413076951
CP: 933.1838176909256
DeltaS: 127.0
Deltarho_ICB: 500.0
FeM: 10.0
H: 0.0
K_c: 1403000000000.0
L_rho: 8422113.568341818
Mp: 1.2
P0: 680.1215639
Q_CMB: 7400000000000.0
T0: 6367.9557962
TL0: 9289.317030000784
XFe: 80.0
alpha_c: 1.2957764152484895e-05
beta: 0.83
chi0: 0.056
dTL_dP: 9.0e-09
dTL_dchi: -21000.0
gamma: 1.247705727104971
k_c: 163.0
r_IC: 1221000.0
r_IC_0: 4353225.553405643
r_OC: 4713661.072339
rho_0: 16223.511560849282
rho_c: 12502.0
