A_rho: 0.444637516632213
CP: 1099.7475078658608
DeltaS: 127.0
Deltarho_ICB: 500.0
FeM: 5.0
H: 0.0
K_c: 1403000000000.0
L_rho: 8427911.83250532
Mp: 1.5
P0: 722.5168207
Q_CMB: 7400000000000.0
T0: 8570.265595300001
TL0: 9583.152844949249
XFe: 55.0
alpha_c: 1.2630399517578696e-05
beta: 0.83
chi0: 0.056
dTL_dP: 9.0e-09
dTL_dchi: -21000.0
gamma: 1.2316137769226034
k_c: 163.0
r_IC: 1221000.0
r_IC_0: 3143640.2675645533
r_OC: 4390355.730079
rho_0: 16287.498069081385
rho_c: 12502.0
