A_rho: 0.3377307326049782
CP: 1119.2341284744389
DeltaS: 127.0
Deltarho_ICB: 500.0
FeM: 15.0
H: 0.0
K_c: 1403000000000.0
L_rho: 7875851.3737116065
Mp: 1.8
P0: 482.93196320000004
Q_CMB: 7400000000000.0
T0: 7698.7916375
TL0: 7787.588208156021
XFe: 20.0
alpha_c: 1.241331830016456e-05
beta: 0.83
chi0: 0.056
dTL_dP: 9.0e-09
dTL_dchi: -21000.0
gamma: 1.232681725832429
k_c: 163.0
r_IC: 1221000.0
r_IC_0: 973005.6219509463
r_OC: 2651432.7192094
rho_0: 14581.025265250199
rho_c: 12502.0
