A_rho: 0.38462423746424984
CP: 1113.5808199154037
DeltaS: 127.0
Deltarho_ICB: 500.0
FeM: 15.0
H: 0.0
K_c: 1403000000000.0
L_rho: 7599485.795754613
Mp: 1.4
P0: 380.8897663
Q_CMB: 7400000000000.0
T0: 6826.334321100001
TL0: 6891.493582313803
XFe: 20.0
alpha_c: 1.4204620276877165e-05
beta: 0.83
chi0: 0.056
dTL_dP: 9.0e-09
dTL_dchi: -21000.0
gamma: 1.251180832851211
k_c: 163.0
r_IC: 1221000.0
r_IC_0: 811052.0707585434
r_OC: 2486548.6259302003
rho_0: 13767.268258951903
rho_c: 12502.0
