A_rho: 0.36688525561568447
CP: 1246.9302469532968
DeltaS: 127.0
Deltarho_ICB: 500.0
FeM: 0.0
H: 0.0
K_c: 1403000000000.0
L_rho: 7986916.06539514
Mp: 1.6
P0: 514.6321232
Q_CMB: 7400000000000.0
T0: 8796.5248517
TL0: 8046.788996392217
XFe: 20.0
alpha_c: 1.4468120240228032e-05
beta: 0.83
chi0: 0.056
dTL_dP: 9.0e-09
dTL_dchi: -21000.0
gamma: 1.2407939828101697
k_c: 163.0
r_IC: 1221000.0
r_IC_0: 0.0
r_OC: 3250990.3772872
rho_0: 14698.01138966796
rho_c: 12502.0
