A_rho: 0.5974089440659199
CP: 890.3533121904012
DeltaS: 127.0
Deltarho_ICB: 500.0
FeM: 20.0
H: 0.0
K_c: 1403000000000.0
L_rho: 8501168.462963765
Mp: 1.3
P0: 738.0787058
Q_CMB: 7400000000000.0
T0: 6161.7281147
TL0: 9688.902651175396
XFe: 80.0
alpha_c: 1.161913664828345e-05
beta: 0.83
chi0: 0.056
dTL_dP: 9.0e-09
dTL_dchi: -21000.0
gamma: 1.2390659606933214
k_c: 163.0
r_IC: 1221000.0
r_IC_0: 4605142.9870925
r_OC: 4768690.6175485
rho_0: 16628.823498721384
rho_c: 12502.0
