A_rho: 0.4422137802366342
CP: 1085.1738577577116
DeltaS: 127.0
Deltarho_ICB: 500.0
FeM: 10.0
H: 0.0
K_c: 1403000000000.0
L_rho: 8106791.306028833
Mp: 1.3
P0: 567.4911071
Q_CMB: 7400000000000.0
T0: 7619.623199799999
TL0: 8462.343117197805
XFe: 45.0
alpha_c: 1.3259827240710777e-05
beta: 0.83
chi0: 0.056
dTL_dP: 9.0e-09
dTL_dchi: -21000.0
gamma: 1.2416260662959546
k_c: 163.0
r_IC: 1221000.0
r_IC_0: 2818086.9468507566
r_OC: 3848638.9656589995
rho_0: 15279.435434862226
rho_c: 12502.0
