A_rho: 0.46548875590842975
CP: 1021.8495201315382
DeltaS: 127.0
Deltarho_ICB: 500.0
FeM: 15.0
H: 0.0
K_c: 1403000000000.0
L_rho: 8220132.350433769
Mp: 1.3
P0: 620.5579569
Q_CMB: 7400000000000.0
T0: 7265.1646685000005
TL0: 8861.038507674912
XFe: 55.0
alpha_c: 1.240567724310769e-05
beta: 0.83
chi0: 0.056
dTL_dP: 9.0e-09
dTL_dchi: -21000.0
gamma: 1.238108093920801
k_c: 163.0
r_IC: 1221000.0
r_IC_0: 3617338.834399661
r_OC: 4103680.4114567
rho_0: 15718.582400382178
rho_c: 12502.0
