A_rho: 0.45577470891034316
CP: 1045.3666557770048
DeltaS: 127.0
Deltarho_ICB: 500.0
FeM: 10.0
H: 0.0
K_c: 1403000000000.0
L_rho: 8469992.109261008
Mp: 1.5
P0: 748.0057184
Q_CMB: 7400000000000.0
T0: 8131.222673
TL0: 9755.796826139187
XFe: 60.0
alpha_c: 1.1973552139171925e-05
beta: 0.83
chi0: 0.056
dTL_dP: 9.0e-09
dTL_dchi: -21000.0
gamma: 1.2294812391478578
k_c: 163.0
r_IC: 1221000.0
r_IC_0: 3756330.2733501177
r_OC: 4478387.6404578
rho_0: 16504.377921270894
rho_c: 12502.0
