A_rho: 0.4775185596522128
CP: 975.6590806011192
DeltaS: 127.0
Deltarho_ICB: 500.0
FeM: 20.0
H: 0.0
K_c: 1403000000000.0
L_rho: 8265796.397732744
Mp: 1.3
P0: 644.6783711
Q_CMB: 7400000000000.0
T0: 6897.1950771
TL0: 9036.773784515646
XFe: 60.0
alpha_c: 1.1800729629226932e-05
beta: 0.83
chi0: 0.056
dTL_dP: 9.0e-09
dTL_dchi: -21000.0
gamma: 1.2360260598016435
k_c: 163.0
r_IC: 1221000.0
r_IC_0: 3982289.466948064
r_OC: 4201624.9803673
rho_0: 15931.455426605926
rho_c: 12502.0
