A_rho: 0.4130156695569284
CP: 1007.845528234097
DeltaS: 127.0
Deltarho_ICB: 500.0
FeM: 20.0
H: 0.0
K_c: 1403000000000.0
L_rho: 8291559.035872152
Mp: 1.5
P0: 671.0818401
Q_CMB: 7400000000000.0
T0: 7491.4139169
TL0: 9225.52499868662
XFe: 50.0
alpha_c: 1.117255580250023e-05
beta: 0.83
chi0: 0.056
dTL_dP: 9.0e-09
dTL_dchi: -21000.0
gamma: 1.2268296370091412
k_c: 163.0
r_IC: 1221000.0
r_IC_0: 3759832.6114924783
r_OC: 4011537.1313155997
rho_0: 16055.338052594072
rho_c: 12502.0
