A_rho: 0.5029144572001673
CP: 1112.5780207179753
DeltaS: 127.0
Deltarho_ICB: 500.0
FeM: 0.0
H: 0.0
K_c: 1403000000000.0
L_rho: 8332473.411065681
Mp: 1.3
P0: 654.3401733
Q_CMB: 7400000000000.0
T0: 8193.223278
TL0: 9106.270786856376
XFe: 60.0
alpha_c: 1.410164589504713e-05
beta: 0.83
chi0: 0.056
dTL_dP: 9.0e-09
dTL_dchi: -21000.0
gamma: 1.2438504013248692
k_c: 163.0
r_IC: 1221000.0
r_IC_0: 2979122.2703650403
r_OC: 4410974.4364155
rho_0: 15854.493045870391
rho_c: 12502.0
