A_rho: 0.3823953075875497
CP: 1067.2980234745546
DeltaS: 127.0
Deltarho_ICB: 500.0
FeM: 15.0
H: 0.0
K_c: 1403000000000.0
L_rho: 8236128.941446134
Mp: 1.6
P0: 643.1218532
Q_CMB: 7400000000000.0
T0: 8026.503396100001
TL0: 9025.53068211558
XFe: 40.0
alpha_c: 1.158433684446929e-05
beta: 0.83
chi0: 0.056
dTL_dP: 9.0e-09
dTL_dchi: -21000.0
gamma: 1.2264102931090117
k_c: 163.0
r_IC: 1221000.0
r_IC_0: 3062704.808196167
r_OC: 3774802.4318944
rho_0: 15797.97683327629
rho_c: 12502.0
