A_rho: 0.5914216359760859
CP: 966.1522716445418
DeltaS: 127.0
Deltarho_ICB: 500.0
FeM: 10.0
H: 0.0
K_c: 1403000000000.0
L_rho: 8369736.796317237
Mp: 1.2
P0: 663.2098347
Q_CMB: 7400000000000.0
T0: 6691.2089614
TL0: 9169.63307431607
XFe: 75.0
alpha_c: 1.3073233805781034e-05
beta: 0.83
chi0: 0.056
dTL_dP: 9.0e-09
dTL_dchi: -21000.0
gamma: 1.2465894167710105
k_c: 163.0
r_IC: 1221000.0
r_IC_0: 4168245.15228811
r_OC: 4597928.044556299
rho_0: 16077.152141005454
rho_c: 12502.0
