A_rho: 0.679203861447408
CP: 917.5229261426853
DeltaS: 127.0
Deltarho_ICB: 500.0
FeM: 10.0
H: 0.0
K_c: 1403000000000.0
L_rho: 8212271.284452789
Mp: 1.0
P0: 572.6456618
Q_CMB: 7400000000000.0
T0: 5723.1817026
TL0: 8501.84125202844
XFe: 80.0
alpha_c: 1.388421854393024e-05
beta: 0.83
chi0: 0.056
dTL_dP: 9.0e-09
dTL_dchi: -21000.0
gamma: 1.2593612892900048
k_c: 163.0
r_IC: 1221000.0
r_IC_0: 4149434.295971305
r_OC: 4488163.8488906
rho_0: 15522.432693836898
rho_c: 12502.0
