A_rho: 0.4162584746078482
CP: 1130.3164831840718
DeltaS: 127.0
Deltarho_ICB: 500.0
FeM: 5.0
H: 0.0
K_c: 1403000000000.0
L_rho: 8301281.749492936
Mp: 1.5
P0: 660.4917728999999
Q_CMB: 7400000000000.0
T0: 8604.6649947
TL0: 9150.259942146151
XFe: 45.0
alpha_c: 1.2885112786780005e-05
beta: 0.83
chi0: 0.056
dTL_dP: 9.0e-09
dTL_dchi: -21000.0
gamma: 1.2329689149813243
k_c: 163.0
r_IC: 1221000.0
r_IC_0: 2393164.172054025
r_OC: 4083604.374789
rho_0: 15853.670331869336
rho_c: 12502.0
