A_rho: 0.44290263995891
CP: 1148.134403389498
DeltaS: 127.0
Deltarho_ICB: 500.0
FeM: 5.0
H: 0.0
K_c: 1403000000000.0
L_rho: 7897821.957169709
Mp: 1.2
P0: 476.5926834
Q_CMB: 7400000000000.0
T0: 7582.9488898
TL0: 7734.773672920318
XFe: 35.0
alpha_c: 1.4898536339371694e-05
beta: 0.83
chi0: 0.056
dTL_dP: 9.0e-09
dTL_dchi: -21000.0
gamma: 1.2521629028468644
k_c: 163.0
r_IC: 1221000.0
r_IC_0: 1267517.5859563667
r_OC: 3512481.3300225
rho_0: 14540.62615356884
rho_c: 12502.0
