A_rho: 0.5080235432220082
CP: 1022.5180890495616
DeltaS: 127.0
Deltarho_ICB: 500.0
FeM: 15.0
H: 0.0
K_c: 1403000000000.0
L_rho: 7858937.045593526
Mp: 1.0
P0: 461.4259392
Q_CMB: 7400000000000.0
T0: 6361.1233407
TL0: 7607.0145489266215
XFe: 50.0
alpha_c: 1.4201169486294635e-05
beta: 0.83
chi0: 0.056
dTL_dP: 9.0e-09
dTL_dchi: -21000.0
gamma: 1.2570387329845794
k_c: 163.0
r_IC: 1221000.0
r_IC_0: 3154582.4287074534
r_OC: 3673467.4561954
rho_0: 14567.35079761749
rho_c: 12502.0
