A_rho: 0.38246743876385025
CP: 1159.1686296159135
DeltaS: 127.0
Deltarho_ICB: 500.0
FeM: 5.0
H: 0.0
K_c: 1403000000000.0
L_rho: 8227013.246441363
Mp: 1.6
P0: 628.2295251
Q_CMB: 7400000000000.0
T0: 8779.9126704
TL0: 8917.285288139396
XFe: 35.0
alpha_c: 1.2843332359901415e-05
beta: 0.83
chi0: 0.056
dTL_dP: 9.0e-09
dTL_dchi: -21000.0
gamma: 1.2311844065097017
k_c: 163.0
r_IC: 1221000.0
r_IC_0: 1246041.6484912285
r_OC: 3792399.2710216003
rho_0: 15598.322997945908
rho_c: 12502.0
