A_rho: 0.38166419752654224
CP: 1183.7510108159006
DeltaS: 127.0
Deltarho_ICB: 500.0
FeM: 5.0
H: 0.0
K_c: 1403000000000.0
L_rho: 7962643.557297555
Mp: 1.5
P0: 507.95988509999995
Q_CMB: 7400000000000.0
T0: 8229.3627523
TL0: 7992.89050800982
XFe: 25.0
alpha_c: 1.396437950313397e-05
beta: 0.83
chi0: 0.056
dTL_dP: 9.0e-09
dTL_dchi: -21000.0
gamma: 1.2413149108911632
k_c: 163.0
r_IC: 1221000.0
r_IC_0: 0.0
r_OC: 3285908.7182168
rho_0: 14721.121168309106
rho_c: 12502.0
