A_rho: 0.4061179298896219
CP: 1053.616889524884
DeltaS: 127.0
Deltarho_ICB: 500.0
FeM: 15.0
H: 0.0
K_c: 1403000000000.0
L_rho: 8245101.068998114
Mp: 1.5
P0: 643.7289007999999
Q_CMB: 7400000000000.0
T0: 7830.1512509
TL0: 9029.917100785753
XFe: 45.0
alpha_c: 1.1792791658840684e-05
beta: 0.83
chi0: 0.056
dTL_dP: 9.0e-09
dTL_dchi: -21000.0
gamma: 1.229504266050883
k_c: 163.0
r_IC: 1221000.0
r_IC_0: 3288017.1135099474
r_OC: 3913199.0616105003
rho_0: 15824.288096540597
rho_c: 12502.0
