A_rho: 0.5157979556572764
CP: 967.713741066949
DeltaS: 127.0
Deltarho_ICB: 500.0
FeM: 20.0
H: 0.0
K_c: 1403000000000.0
L_rho: 8073364.29076011
Mp: 1.1
P0: 548.6250284
Q_CMB: 7400000000000.0
T0: 6308.497364899999
TL0: 8316.271452976074
XFe: 60.0
alpha_c: 1.2783446487048508e-05
beta: 0.83
chi0: 0.056
dTL_dP: 9.0e-09
dTL_dchi: -21000.0
gamma: 1.2477230618845405
k_c: 163.0
r_IC: 1221000.0
r_IC_0: 3791162.6454908806
r_OC: 4015048.4016112
rho_0: 15284.142504348369
rho_c: 12502.0
