A_rho: 0.6521782943277072
CP: 1008.4338454953559
DeltaS: 127.0
Deltarho_ICB: 500.0
FeM: 0.0
H: 0.0
K_c: 1403000000000.0
L_rho: 8177999.858158901
Mp: 1.0
P0: 556.3270581
Q_CMB: 7400000000000.0
T0: 6524.244702800001
TL0: 8376.194603915876
XFe: 75.0
alpha_c: 1.5251986494092867e-05
beta: 0.83
chi0: 0.056
dTL_dP: 9.0e-09
dTL_dchi: -21000.0
gamma: 1.2621539294847843
k_c: 163.0
r_IC: 1221000.0
r_IC_0: 3721021.498862931
r_OC: 4431087.1664975
rho_0: 15313.2963627889
rho_c: 12502.0
