A_rho: 0.36237255055746537
CP: 1103.2979611842377
DeltaS: 127.0
Deltarho_ICB: 500.0
FeM: 15.0
H: 0.0
K_c: 1403000000000.0
L_rho: 7906477.3889144035
Mp: 1.6
P0: 494.1933164
Q_CMB: 7400000000000.0
T0: 7558.1651212
TL0: 7880.587603525365
XFe: 25.0
alpha_c: 1.2608024769201e-05
beta: 0.83
chi0: 0.056
dTL_dP: 9.0e-09
dTL_dchi: -21000.0
gamma: 1.2357815255004474
k_c: 163.0
r_IC: 1221000.0
r_IC_0: 1809343.2399028963
r_OC: 2976627.727909
rho_0: 14695.824263215687
rho_c: 12502.0
