A_rho: 0.5385721179881664
CP: 1075.5191078952594
DeltaS: 127.0
Deltarho_ICB: 500.0
FeM: 5.0
H: 0.0
K_c: 1403000000000.0
L_rho: 7960658.887842503
Mp: 1.0
P0: 489.6062155
Q_CMB: 7400000000000.0
T0: 6902.404024400001
TL0: 7842.831409325479
XFe: 55.0
alpha_c: 1.5283516559812295e-05
beta: 0.83
chi0: 0.056
dTL_dP: 9.0e-09
dTL_dchi: -21000.0
gamma: 1.2599802497986676
k_c: 163.0
r_IC: 1221000.0
r_IC_0: 2880873.321466373
r_OC: 3935312.7403670996
rho_0: 14737.91138985689
rho_c: 12502.0
