A_rho: 0.44962594580894955
CP: 1050.585080485213
DeltaS: 127.0
Deltarho_ICB: 500.0
FeM: 20.0
H: 0.0
K_c: 1403000000000.0
L_rho: 7323529.202806915
Mp: 1.0
P0: 300.26908260000005
Q_CMB: 7400000000000.0
T0: 5667.5751317
TL0: 6097.048955743224
XFe: 25.0
alpha_c: 1.5563383568237536e-05
beta: 0.83
chi0: 0.056
dTL_dP: 9.0e-09
dTL_dchi: -21000.0
gamma: 1.2694792973859876
k_c: 163.0
r_IC: 1221000.0
r_IC_0: 1901383.0154160801
r_OC: 2420794.1708744997
rho_0: 13101.488697059953
rho_c: 12502.0
