A_rho: 0.4360529864582736
CP: 1014.9300896036569
DeltaS: 127.0
Deltarho_ICB: 500.0
FeM: 15.0
H: 0.0
K_c: 1403000000000.0
L_rho: 8526339.264514506
Mp: 1.6
P0: 793.2368352000001
Q_CMB: 7400000000000.0
T0: 8061.0694462
TL0: 10055.280591409504
XFe: 60.0
alpha_c: 1.108558904188876e-05
beta: 0.83
chi0: 0.056
dTL_dP: 9.0e-09
dTL_dchi: -21000.0
gamma: 1.2228772148113265
k_c: 163.0
r_IC: 1221000.0
r_IC_0: 4050212.6442408273
r_OC: 4495003.3282686
rho_0: 16804.43363299549
rho_c: 12502.0
