A_rho: 0.46694076030431886
CP: 1110.3744115351221
DeltaS: 127.0
Deltarho_ICB: 500.0
FeM: 10.0
H: 0.0
K_c: 1403000000000.0
L_rho: 7568547.886475604
Mp: 1.0
P0: 364.8222955
Q_CMB: 7400000000000.0
T0: 6504.1761107
TL0: 6740.212995456046
XFe: 30.0
alpha_c: 1.5969679845799938e-05
beta: 0.83
chi0: 0.056
dTL_dP: 9.0e-09
dTL_dchi: -21000.0
gamma: 1.2660032999418078
k_c: 163.0
r_IC: 1221000.0
r_IC_0: 1503374.9356284258
r_OC: 3035240.8493732996
rho_0: 13654.528292518991
rho_c: 12502.0
