A_rho: 0.48396876186626614
CP: 1006.3358944218344
DeltaS: 127.0
Deltarho_ICB: 500.0
FeM: 15.0
H: 0.0
K_c: 1403000000000.0
L_rho: 8282743.864620021
Mp: 1.3
P0: 647.6201192999999
Q_CMB: 7400000000000.0
T0: 7205.4984538
TL0: 9057.986842637161
XFe: 60.0
alpha_c: 1.2308043917544241e-05
beta: 0.83
chi0: 0.056
dTL_dP: 9.0e-09
dTL_dchi: -21000.0
gamma: 1.2378393627746058
k_c: 163.0
r_IC: 1221000.0
r_IC_0: 3822942.0413555694
r_OC: 4255919.904834201
rho_0: 15918.810605572295
rho_c: 12502.0
