A_rho: 0.6219776788069936
CP: 902.2694803828607
DeltaS: 127.0
Deltarho_ICB: 500.0
FeM: 20.0
H: 0.0
K_c: 1403000000000.0
L_rho: 8137827.184906178
Mp: 1.0
P0: 557.2460323
Q_CMB: 7400000000000.0
T0: 5570.556813499999
TL0: 8383.317445126675
XFe: 75.0
alpha_c: 1.3052154450645586e-05
beta: 0.83
chi0: 0.056
dTL_dP: 9.0e-09
dTL_dchi: -21000.0
gamma: 1.2552184876183627
k_c: 163.0
r_IC: 1221000.0
r_IC_0: 4137383.220466993
r_OC: 4313929.823158899
rho_0: 15425.41811686199
rho_c: 12502.0
