A_rho: 0.4069040897473863
CP: 1176.5767588423614
DeltaS: 127.0
Deltarho_ICB: 500.0
FeM: 0.0
H: 0.0
K_c: 1403000000000.0
L_rho: 8401050.289825706
Mp: 1.6
P0: 709.4525071
Q_CMB: 7400000000000.0
T0: 9319.7490953
TL0: 9493.519093098066
XFe: 45.0
alpha_c: 1.3080732210380755e-05
beta: 0.83
chi0: 0.056
dTL_dP: 9.0e-09
dTL_dchi: -21000.0
gamma: 1.2302786795228802
k_c: 163.0
r_IC: 1221000.0
r_IC_0: 1414161.6319107567
r_OC: 4229508.5990456
rho_0: 16112.919311488762
rho_c: 12502.0
