A_rho: 0.5627689058728711
CP: 981.8745246662317
DeltaS: 127.0
Deltarho_ICB: 500.0
FeM: 5.0
H: 0.0
K_c: 1403000000000.0
L_rho: 8775346.231944738
Mp: 1.6
P0: 899.0655975999999
Q_CMB: 7400000000000.0
T0: 7851.356965800001
TL0: 10725.17222941925
XFe: 80.0
alpha_c: 1.1957081255310934e-05
beta: 0.83
chi0: 0.056
dTL_dP: 9.0e-09
dTL_dchi: -21000.0
gamma: 1.2300283501971037
k_c: 163.0
r_IC: 1221000.0
r_IC_0: 4586276.809383512
r_OC: 5118326.124533701
rho_0: 17459.01685519094
rho_c: 12502.0
