A_rho: 0.3416401971831944
CP: 1201.4048347391329
DeltaS: 127.0
Deltarho_ICB: 500.0
FeM: 5.0
H: 0.0
K_c: 1403000000000.0
L_rho: 8052043.517579796
Mp: 1.8
P0: 549.5234313
Q_CMB: 7400000000000.0
T0: 8782.1586808
TL0: 8323.282115452568
XFe: 20.0
alpha_c: 1.307902099191256e-05
beta: 0.83
chi0: 0.056
dTL_dP: 9.0e-09
dTL_dchi: -21000.0
gamma: 1.2315273191029068
k_c: 163.0
r_IC: 1221000.0
r_IC_0: 0.0
r_OC: 3155690.6706677997
rho_0: 14989.193317250809
rho_c: 12502.0
