A_rho: 0.6616244220851005
CP: 951.4080995809803
DeltaS: 127.0
Deltarho_ICB: 500.0
FeM: 5.0
H: 0.0
K_c: 1403000000000.0
L_rho: 8328565.364683364
Mp: 1.1
P0: 624.6731570000001
Q_CMB: 7400000000000.0
T0: 6290.573586500001
TL0: 8891.252198846458
XFe: 80.0
alpha_c: 1.3926342024989197e-05
beta: 0.83
chi0: 0.056
dTL_dP: 9.0e-09
dTL_dchi: -21000.0
gamma: 1.2550332455629982
k_c: 163.0
r_IC: 1221000.0
r_IC_0: 4164559.884133281
r_OC: 4626967.847734901
rho_0: 15843.877889177362
rho_c: 12502.0
