A_rho: 0.43529219349209536
CP: 1090.3934871397116
DeltaS: 127.0
Deltarho_ICB: 500.0
FeM: 15.0
H: 0.0
K_c: 1403000000000.0
L_rho: 7496708.34167462
Mp: 1.1
P0: 347.1875464
Q_CMB: 7400000000000.0
T0: 6303.7837001
TL0: 6570.40659557012
XFe: 25.0
alpha_c: 1.5272560322039437e-05
beta: 0.83
chi0: 0.056
dTL_dP: 9.0e-09
dTL_dchi: -21000.0
gamma: 1.2626967506912645
k_c: 163.0
r_IC: 1221000.0
r_IC_0: 1575209.9225596276
r_OC: 2692086.6643133997
rho_0: 13505.634004339605
rho_c: 12502.0
