A_rho: 0.4021813373192924
CP: 1132.6558181419973
DeltaS: 127.0
Deltarho_ICB: 500.0
FeM: 5.0
H: 0.0
K_c: 1403000000000.0
L_rho: 8375404.857887397
Mp: 1.6
P0: 702.5426292999999
Q_CMB: 7400000000000.0
T0: 8898.2980078
TL0: 9445.786942254994
XFe: 45.0
alpha_c: 1.24591123738075e-05
beta: 0.83
chi0: 0.056
dTL_dP: 9.0e-09
dTL_dchi: -21000.0
gamma: 1.2282540638231079
k_c: 163.0
r_IC: 1221000.0
r_IC_0: 2413709.731016067
r_OC: 4150257.8606816004
rho_0: 16115.242059494263
rho_c: 12502.0
