A_rho: 0.4810262435325382
CP: 1048.7551130535044
DeltaS: 127.0
Deltarho_ICB: 500.0
FeM: 15.0
H: 0.0
K_c: 1403000000000.0
L_rho: 7710327.505993098
Mp: 1.0
P0: 411.7980586
Q_CMB: 7400000000000.0
T0: 6330.385934399999
TL0: 7174.045490504517
XFe: 40.0
alpha_c: 1.4668333607021923e-05
beta: 0.83
chi0: 0.056
dTL_dP: 9.0e-09
dTL_dchi: -21000.0
gamma: 1.2599011078139348
k_c: 163.0
r_IC: 1221000.0
r_IC_0: 2672674.579989673
r_OC: 3332747.4330185
rho_0: 14129.669378191207
rho_c: 12502.0
