A_rho: 0.5346776339209859
CP: 981.0526542468438
DeltaS: 127.0
Deltarho_ICB: 500.0
FeM: 10.0
H: 0.0
K_c: 1403000000000.0
L_rho: 8633954.796831608
Mp: 1.5
P0: 824.081146
Q_CMB: 7400000000000.0
T0: 7602.4661481
TL0: 10254.777765937042
XFe: 75.0
alpha_c: 1.1850090418840014e-05
beta: 0.83
chi0: 0.056
dTL_dP: 9.0e-09
dTL_dchi: -21000.0
gamma: 1.2313208310548243
k_c: 163.0
r_IC: 1221000.0
r_IC_0: 4423681.734342575
r_OC: 4881203.848590099
rho_0: 17036.392836834282
rho_c: 12502.0
