A_rho: 0.40981046029463225
CP: 1078.9057031455516
DeltaS: 127.0
Deltarho_ICB: 500.0
FeM: 10.0
H: 0.0
K_c: 1403000000000.0
L_rho: 8420295.314066036
Mp: 1.6
P0: 731.8578272999999
Q_CMB: 7400000000000.0
T0: 8511.693117300001
TL0: 9646.760050683279
XFe: 50.0
alpha_c: 1.175744906695635e-05
beta: 0.83
chi0: 0.056
dTL_dP: 9.0e-09
dTL_dchi: -21000.0
gamma: 1.2253906061745317
k_c: 163.0
r_IC: 1221000.0
r_IC_0: 3286570.855897955
r_OC: 4242293.1260998
rho_0: 16358.385032664473
rho_c: 12502.0
