A_rho: 0.4656279201029008
CP: 965.6430015895037
DeltaS: 127.0
Deltarho_ICB: 500.0
FeM: 20.0
H: 0.0
K_c: 1403000000000.0
L_rho: 8494933.009717535
Mp: 1.5
P0: 771.5451626
Q_CMB: 7400000000000.0
T0: 7357.162164
TL0: 9912.71936003979
XFe: 65.0
alpha_c: 1.0936265388951898e-05
beta: 0.83
chi0: 0.056
dTL_dP: 9.0e-09
dTL_dchi: -21000.0
gamma: 1.2259629506185676
k_c: 163.0
r_IC: 1221000.0
r_IC_0: 4324876.699444747
r_OC: 4521064.9979726
rho_0: 16736.009201808087
rho_c: 12502.0
