A_rho: 0.5221872451629798
CP: 1106.8208759216375
DeltaS: 127.0
Deltarho_ICB: 500.0
FeM: 0.0
H: 0.0
K_c: 1403000000000.0
L_rho: 8240676.061450326
Mp: 1.2
P0: 606.4835676
Q_CMB: 7400000000000.0
T0: 7845.5931089000005
TL0: 8756.963088493398
XFe: 60.0
alpha_c: 1.4619132728718384e-05
beta: 0.83
chi0: 0.056
dTL_dP: 9.0e-09
dTL_dchi: -21000.0
gamma: 1.249354077592803
k_c: 163.0
r_IC: 1221000.0
r_IC_0: 2945007.699141283
r_OC: 4318760.5450541
rho_0: 15545.433675799606
rho_c: 12502.0
