A_rho: 0.5456533550955063
CP: 979.1709409023075
DeltaS: 127.0
Deltarho_ICB: 500.0
FeM: 15.0
H: 0.0
K_c: 1403000000000.0
L_rho: 8150491.813887334
Mp: 1.1
P0: 573.5791509
Q_CMB: 7400000000000.0
T0: 6487.1025438
TL0: 8508.97588968029
XFe: 65.0
alpha_c: 1.3204532269523263e-05
beta: 0.83
chi0: 0.056
dTL_dP: 9.0e-09
dTL_dchi: -21000.0
gamma: 1.2494205552459194
k_c: 163.0
r_IC: 1221000.0
r_IC_0: 3835056.59293851
r_OC: 4207909.3727385
rho_0: 15453.759785865102
rho_c: 12502.0
