A_rho: 0.5026409904800679
CP: 1002.1196241659477
DeltaS: 127.0
Deltarho_ICB: 500.0
FeM: 15.0
H: 0.0
K_c: 1403000000000.0
L_rho: 8191678.569134156
Mp: 1.2
P0: 600.1338181
Q_CMB: 7400000000000.0
T0: 6903.669077399999
TL0: 8709.625592438353
XFe: 60.0
alpha_c: 1.278359620901532e-05
beta: 0.83
chi0: 0.056
dTL_dP: 9.0e-09
dTL_dchi: -21000.0
gamma: 1.2434154088859128
k_c: 163.0
r_IC: 1221000.0
r_IC_0: 3741175.0781202144
r_OC: 4167814.2972432
rho_0: 15607.650137649398
rho_c: 12502.0
