A_rho: 0.4604551798168985
CP: 1096.7921859811404
DeltaS: 127.0
Deltarho_ICB: 500.0
FeM: 5.0
H: 0.0
K_c: 1403000000000.0
L_rho: 8344279.537928671
Mp: 1.4
P0: 674.2267432
Q_CMB: 7400000000000.0
T0: 8253.9985115
TL0: 9247.765133575353
XFe: 55.0
alpha_c: 1.3084836885749113e-05
beta: 0.83
chi0: 0.056
dTL_dP: 9.0e-09
dTL_dchi: -21000.0
gamma: 1.236693964509349
k_c: 163.0
r_IC: 1221000.0
r_IC_0: 3090900.194142449
r_OC: 4306946.4736117
rho_0: 15990.26160041196
rho_c: 12502.0
