A_rho: 0.5982436997877412
CP: 995.1945320884729
DeltaS: 127.0
Deltarho_ICB: 500.0
FeM: 5.0
H: 0.0
K_c: 1403000000000.0
L_rho: 8378316.657381749
Mp: 1.2
P0: 661.8279662
Q_CMB: 7400000000000.0
T0: 6963.5233936
TL0: 9159.788554101402
XFe: 75.0
alpha_c: 1.3629932550279446e-05
beta: 0.83
chi0: 0.056
dTL_dP: 9.0e-09
dTL_dchi: -21000.0
gamma: 1.2484700042892907
k_c: 163.0
r_IC: 1221000.0
r_IC_0: 4037335.8224385288
r_OC: 4625844.910786401
rho_0: 16038.73750156142
rho_c: 12502.0
