A_rho: 0.3698005016490638
CP: 1043.485826118576
DeltaS: 127.0
Deltarho_ICB: 500.0
FeM: 20.0
H: 0.0
K_c: 1403000000000.0
L_rho: 8094792.318977793
Mp: 1.6
P0: 580.0436934999999
Q_CMB: 7400000000000.0
T0: 7502.806907100001
TL0: 8558.230508678758
XFe: 35.0
alpha_c: 1.1411136644182067e-05
beta: 0.83
chi0: 0.056
dTL_dP: 9.0e-09
dTL_dchi: -21000.0
gamma: 1.2277898208674871
k_c: 163.0
r_IC: 1221000.0
r_IC_0: 3072619.8646122185
r_OC: 3408850.5487139
rho_0: 15391.811580950636
rho_c: 12502.0
