A_rho: 0.5709108637098693
CP: 972.0992340585043
DeltaS: 127.0
Deltarho_ICB: 500.0
FeM: 10.0
H: 0.0
K_c: 1403000000000.0
L_rho: 8462305.77436153
Mp: 1.3
P0: 715.7843333
Q_CMB: 7400000000000.0
T0: 7003.995507100001
TL0: 9537.060583590579
XFe: 75.0
alpha_c: 1.263858734291946e-05
beta: 0.83
chi0: 0.056
dTL_dP: 9.0e-09
dTL_dchi: -21000.0
gamma: 1.241231980466847
k_c: 163.0
r_IC: 1221000.0
r_IC_0: 4255189.218528167
r_OC: 4695979.6232148
rho_0: 16402.70692963686
rho_c: 12502.0
