A_rho: 0.588693695260259
CP: 925.3850003546153
DeltaS: 127.0
Deltarho_ICB: 500.0
FeM: 20.0
H: 0.0
K_c: 1403000000000.0
L_rho: 8086068.683100242
Mp: 1.0
P0: 541.4971079
Q_CMB: 7400000000000.0
T0: 5768.5600205
TL0: 8260.450388309591
XFe: 70.0
alpha_c: 1.3131446856541568e-05
beta: 0.83
chi0: 0.056
dTL_dP: 9.0e-09
dTL_dchi: -21000.0
gamma: 1.2543817091208482
k_c: 163.0
r_IC: 1221000.0
r_IC_0: 4000715.68188266
r_OC: 4191465.2133679
rho_0: 15285.445373091372
rho_c: 12502.0
