A_rho: 0.5437429455678388
CP: 902.2522237325865
DeltaS: 127.0
Deltarho_ICB: 500.0
FeM: 20.0
H: 0.0
K_c: 1403000000000.0
L_rho: 8749254.769883487
Mp: 1.6
P0: 905.1096892
Q_CMB: 7400000000000.0
T0: 6955.034151999999
TL0: 10762.244136684809
XFe: 80.0
alpha_c: 1.0587791054138008e-05
beta: 0.83
chi0: 0.056
dTL_dP: 9.0e-09
dTL_dchi: -21000.0
gamma: 1.2247896668257998
k_c: 163.0
r_IC: 1221000.0
r_IC_0: 4882400.587420446
r_OC: 5039178.8788298
rho_0: 17576.927451090116
rho_c: 12502.0
