A_rho: 0.3618922949021944
CP: 1207.9798609565169
DeltaS: 127.0
Deltarho_ICB: 500.0
FeM: 0.0
H: 0.0
K_c: 1403000000000.0
L_rho: 8400394.909739604
Mp: 1.8
P0: 717.3655683
Q_CMB: 7400000000000.0
T0: 9803.2750885
TL0: 9547.904933908183
XFe: 35.0
alpha_c: 1.2614355285006552e-05
beta: 0.83
chi0: 0.056
dTL_dP: 9.0e-09
dTL_dchi: -21000.0
gamma: 1.2240348995894839
k_c: 163.0
r_IC: 1221000.0
r_IC_0: 0.0
r_OC: 4016409.8818475
rho_0: 16110.616380928279
rho_c: 12502.0
