A_rho: 0.49918197076063076
CP: 959.6477093714972
DeltaS: 127.0
Deltarho_ICB: 500.0
FeM: 20.0
H: 0.0
K_c: 1403000000000.0
L_rho: 8325638.184883097
Mp: 1.3
P0: 670.1670238
Q_CMB: 7400000000000.0
T0: 6802.9520864
TL0: 9219.046112263748
XFe: 65.0
alpha_c: 1.1741444177320143e-05
beta: 0.83
chi0: 0.056
dTL_dP: 9.0e-09
dTL_dchi: -21000.0
gamma: 1.2362065107639881
k_c: 163.0
r_IC: 1221000.0
r_IC_0: 4147850.1903658384
r_OC: 4350701.0701303
rho_0: 16118.448536029657
rho_c: 12502.0
