A_rho: 0.43728933966265443
CP: 1244.7192549308825
DeltaS: 127.0
Deltarho_ICB: 500.0
FeM: 0.0
H: 0.0
K_c: 1403000000000.0
L_rho: 7458058.661454763
Mp: 1.1
P0: 328.76302400000003
Q_CMB: 7400000000000.0
T0: 7149.8433712
TL0: 6388.463857120677
XFe: 15.0
alpha_c: 1.8102041247310008e-05
beta: 0.83
chi0: 0.056
dTL_dP: 9.0e-09
dTL_dchi: -21000.0
gamma: 1.2717838954886482
k_c: 163.0
r_IC: 1221000.0
r_IC_0: 0.0
r_OC: 2684893.8972227
rho_0: 13177.681540106278
rho_c: 12502.0
