A_rho: 0.4360081454177768
CP: 1138.3480605553307
DeltaS: 127.0
Deltarho_ICB: 500.0
FeM: 5.0
H: 0.0
K_c: 1403000000000.0
L_rho: 8065670.076327981
Mp: 1.3
P0: 545.9045863
Q_CMB: 7400000000000.0
T0: 7957.7209405
TL0: 8295.008530545365
XFe: 40.0
alpha_c: 1.40626375832805e-05
beta: 0.83
chi0: 0.056
dTL_dP: 9.0e-09
dTL_dchi: -21000.0
gamma: 1.2446620107781043
k_c: 163.0
r_IC: 1221000.0
r_IC_0: 1880837.0501173323
r_OC: 3768488.8375866
rho_0: 15067.42443591882
rho_c: 12502.0
