A_rho: 0.39351554623190443
CP: 1242.5944654103891
DeltaS: 127.0
Deltarho_ICB: 500.0
FeM: 0.0
H: 0.0
K_c: 1403000000000.0
L_rho: 7836359.85776742
Mp: 1.4
P0: 453.3261516
Q_CMB: 7400000000000.0
T0: 8235.7831415
TL0: 7537.950178842094
XFe: 20.0
alpha_c: 1.5524021272339033e-05
beta: 0.83
chi0: 0.056
dTL_dP: 9.0e-09
dTL_dchi: -21000.0
gamma: 1.2506479720416452
k_c: 163.0
r_IC: 1221000.0
r_IC_0: 0.0
r_OC: 3139244.2629635
rho_0: 14242.263440510702
rho_c: 12502.0
