A_rho: 0.6712811356888488
CP: 894.9362633768891
DeltaS: 127.0
Deltarho_ICB: 500.0
FeM: 15.0
H: 0.0
K_c: 1403000000000.0
L_rho: 8201644.178858722
Mp: 1.0
P0: 572.454203
Q_CMB: 7400000000000.0
T0: 5507.552521500001
TL0: 8500.377239497202
XFe: 80.0
alpha_c: 1.3402492683124493e-05
beta: 0.83
chi0: 0.056
dTL_dP: 9.0e-09
dTL_dchi: -21000.0
gamma: 1.257849941983954
k_c: 163.0
r_IC: 1221000.0
r_IC_0: 4214682.3631298235
r_OC: 4461420.2475202
rho_0: 15543.66867204178
rho_c: 12502.0
