A_rho: 0.44395285102250126
CP: 1002.9674152378863
DeltaS: 127.0
Deltarho_ICB: 500.0
FeM: 20.0
H: 0.0
K_c: 1403000000000.0
L_rho: 8129482.109524073
Mp: 1.3
P0: 585.5443749
Q_CMB: 7400000000000.0
T0: 6957.9735121
TL0: 8599.932017963209
XFe: 50.0
alpha_c: 1.202246674241508e-05
beta: 0.83
chi0: 0.056
dTL_dP: 9.0e-09
dTL_dchi: -21000.0
gamma: 1.2371072312271167
k_c: 163.0
r_IC: 1221000.0
r_IC_0: 3608171.7300571734
r_OC: 3867839.3448073
rho_0: 15494.930277847767
rho_c: 12502.0
