A_rho: 0.4198063484693001
CP: 1250.1692598299192
DeltaS: 127.0
Deltarho_ICB: 500.0
FeM: 0.0
H: 0.0
K_c: 1403000000000.0
L_rho: 7548486.434482303
Mp: 1.2
P0: 355.5673945
Q_CMB: 7400000000000.0
T0: 7448.878706300001
TL0: 6651.605871262804
XFe: 15.0
alpha_c: 1.7384113138468112e-05
beta: 0.83
chi0: 0.056
dTL_dP: 9.0e-09
dTL_dchi: -21000.0
gamma: 1.265833218590401
k_c: 163.0
r_IC: 1221000.0
r_IC_0: 0.0
r_OC: 2744947.459161
rho_0: 13414.249464739967
rho_c: 12502.0
