A_rho: 0.45606139368230053
CP: 1038.6548877711925
DeltaS: 127.0
Deltarho_ICB: 500.0
FeM: 20.0
H: 0.0
K_c: 1403000000000.0
L_rho: 7462948.585645368
Mp: 1.0
P0: 338.468007
Q_CMB: 7400000000000.0
T0: 5832.9524258
TL0: 6484.900109709137
XFe: 30.0
alpha_c: 1.493941699152737e-05
beta: 0.83
chi0: 0.056
dTL_dP: 9.0e-09
dTL_dchi: -21000.0
gamma: 1.264753158922813
k_c: 163.0
r_IC: 1221000.0
r_IC_0: 2321034.1276666685
r_OC: 2747021.7443148
rho_0: 13484.288623012146
rho_c: 12502.0
