A_rho: 0.5188581428617728
CP: 1054.0021367918994
DeltaS: 127.0
Deltarho_ICB: 500.0
FeM: 5.0
H: 0.0
K_c: 1403000000000.0
L_rho: 8368533.951252137
Mp: 1.3
P0: 674.3196176
Q_CMB: 7400000000000.0
T0: 7724.3076135
TL0: 9248.421157321984
XFe: 65.0
alpha_c: 1.3362642663412426e-05
beta: 0.83
chi0: 0.056
dTL_dP: 9.0e-09
dTL_dchi: -21000.0
gamma: 1.2419070903600655
k_c: 163.0
r_IC: 1221000.0
r_IC_0: 3620775.221190298
r_OC: 4486106.7848995
rho_0: 16047.747849038862
rho_c: 12502.0
