A_rho: 0.5656500372936264
CP: 1023.8466646894176
DeltaS: 127.0
Deltarho_ICB: 500.0
FeM: 5.0
H: 0.0
K_c: 1403000000000.0
L_rho: 8329777.664269409
Mp: 1.2
P0: 644.9797701
Q_CMB: 7400000000000.0
T0: 7213.247166399999
TL0: 9038.949339771707
XFe: 70.0
alpha_c: 1.373696637461752e-05
beta: 0.83
chi0: 0.056
dTL_dP: 9.0e-09
dTL_dchi: -21000.0
gamma: 1.247713196866868
k_c: 163.0
r_IC: 1221000.0
r_IC_0: 3808926.315330562
r_OC: 4514466.756509901
rho_0: 15895.303672698334
rho_c: 12502.0
