A_rho: 0.4743381949966298
CP: 1103.3347899614998
DeltaS: 127.0
Deltarho_ICB: 500.0
FeM: 0.0
H: 0.0
K_c: 1403000000000.0
L_rho: 8631165.263559567
Mp: 1.6
P0: 828.0803199
Q_CMB: 7400000000000.0
T0: 9043.370468000001
TL0: 10280.376802999663
XFe: 65.0
alpha_c: 1.2689073383130788e-05
beta: 0.83
chi0: 0.056
dTL_dP: 9.0e-09
dTL_dchi: -21000.0
gamma: 1.2292423124419367
k_c: 163.0
r_IC: 1221000.0
r_IC_0: 3464335.982708793
r_OC: 4789630.5816662
rho_0: 16918.443386655792
rho_c: 12502.0
