A_rho: 0.5476376258074681
CP: 1043.9125542127172
DeltaS: 127.0
Deltarho_ICB: 500.0
FeM: 0.0
H: 0.0
K_c: 1403000000000.0
L_rho: 8656151.699236022
Mp: 1.5
P0: 822.2315267000001
Q_CMB: 7400000000000.0
T0: 8244.157236300001
TL0: 10242.9178276347
XFe: 75.0
alpha_c: 1.2939388497170677e-05
beta: 0.83
chi0: 0.056
dTL_dP: 9.0e-09
dTL_dchi: -21000.0
gamma: 1.2351930776888314
k_c: 163.0
r_IC: 1221000.0
r_IC_0: 4086090.499879539
r_OC: 4947253.0043342
rho_0: 16960.415940076466
rho_c: 12502.0
