A_rho: 0.4597639762805192
CP: 1081.297184340419
DeltaS: 127.0
Deltarho_ICB: 500.0
FeM: 10.0
H: 0.0
K_c: 1403000000000.0
L_rho: 8017348.808715129
Mp: 1.2
P0: 526.3329656999999
Q_CMB: 7400000000000.0
T0: 7313.3996712
TL0: 8140.496781272416
XFe: 45.0
alpha_c: 1.3787728148461615e-05
beta: 0.83
chi0: 0.056
dTL_dP: 9.0e-09
dTL_dchi: -21000.0
gamma: 1.2472651634732472
k_c: 163.0
r_IC: 1221000.0
r_IC_0: 2765678.5029570414
r_OC: 3769506.0214062002
rho_0: 14991.045765628694
rho_c: 12502.0
