A_rho: 0.3748627553204947
CP: 1172.1070281509114
DeltaS: 127.0
Deltarho_ICB: 500.0
FeM: 5.0
H: 0.0
K_c: 1403000000000.0
L_rho: 8139096.133556949
Mp: 1.6
P0: 586.5938347
Q_CMB: 7400000000000.0
T0: 8663.176516500002
TL0: 8607.866518815954
XFe: 30.0
alpha_c: 1.3120783225884434e-05
beta: 0.83
chi0: 0.056
dTL_dP: 9.0e-09
dTL_dchi: -21000.0
gamma: 1.233457901709174
k_c: 163.0
r_IC: 1221000.0
r_IC_0: 0.0
r_OC: 3583854.7083712006
rho_0: 15297.940378161053
rho_c: 12502.0
