A_rho: 0.44000606929731445
CP: 1071.0663772272094
DeltaS: 127.0
Deltarho_ICB: 500.0
FeM: 5.0
H: 0.0
K_c: 1403000000000.0
L_rho: 8757244.018163526
Mp: 1.8
P0: 929.3569007000001
Q_CMB: 7400000000000.0
T0: 9258.4693862
TL0: 10909.773050186583
XFe: 65.0
alpha_c: 1.1391442453417367e-05
beta: 0.83
chi0: 0.056
dTL_dP: 9.0e-09
dTL_dchi: -21000.0
gamma: 1.2185077722812703
k_c: 163.0
r_IC: 1221000.0
r_IC_0: 3907666.0259810886
r_OC: 4888733.3233158
rho_0: 17507.56844900583
rho_c: 12502.0
