A_rho: 0.43659842023003664
CP: 1170.6502921914453
DeltaS: 127.0
Deltarho_ICB: 500.0
FeM: 0.0
H: 0.0
K_c: 1403000000000.0
L_rho: 8247623.486715669
Mp: 1.4
P0: 624.581573
Q_CMB: 7400000000000.0
T0: 8691.630534799999
TL0: 8890.580843637144
XFe: 45.0
alpha_c: 1.4001930458511116e-05
beta: 0.83
chi0: 0.056
dTL_dP: 9.0e-09
dTL_dchi: -21000.0
gamma: 1.2399717294233332
k_c: 163.0
r_IC: 1221000.0
r_IC_0: 1490558.0994810727
r_OC: 4088935.6656699996
rho_0: 15580.526634047497
rho_c: 12502.0
