A_rho: 0.53180882824068
CP: 1015.1038516830722
DeltaS: 127.0
Deltarho_ICB: 500.0
FeM: 10.0
H: 0.0
K_c: 1403000000000.0
L_rho: 8264589.254175411
Mp: 1.2
P0: 624.7690932999999
Q_CMB: 7400000000000.0
T0: 7092.515495899999
TL0: 8891.955407336558
XFe: 65.0
alpha_c: 1.3245595997823501e-05
beta: 0.83
chi0: 0.056
dTL_dP: 9.0e-09
dTL_dchi: -21000.0
gamma: 1.245353944308189
k_c: 163.0
r_IC: 1221000.0
r_IC_0: 3768027.3203287553
r_OC: 4352550.1889529
rho_0: 15765.49849827405
rho_c: 12502.0
