A_rho: 0.5454894721257317
CP: 948.8833431598075
DeltaS: 127.0
Deltarho_ICB: 500.0
FeM: 15.0
H: 0.0
K_c: 1403000000000.0
L_rho: 8540345.015038256
Mp: 1.4
P0: 770.3947577
Q_CMB: 7400000000000.0
T0: 7015.3636264
TL0: 9905.10476995805
XFe: 75.0
alpha_c: 1.1735066323217123e-05
beta: 0.83
chi0: 0.056
dTL_dP: 9.0e-09
dTL_dchi: -21000.0
gamma: 1.2343249033877783
k_c: 163.0
r_IC: 1221000.0
r_IC_0: 4457651.6656408645
r_OC: 4759065.3863311
rho_0: 16757.58193475136
rho_c: 12502.0
