A_rho: 0.3641963770644475
CP: 1199.2592421191691
DeltaS: 127.0
Deltarho_ICB: 500.0
FeM: 5.0
H: 0.0
K_c: 1403000000000.0
L_rho: 7917996.976930638
Mp: 1.6
P0: 490.8911446
Q_CMB: 7400000000000.0
T0: 8287.4934828
TL0: 7853.424830215062
XFe: 20.0
alpha_c: 1.3956319964938274e-05
beta: 0.83
chi0: 0.056
dTL_dP: 9.0e-09
dTL_dchi: -21000.0
gamma: 1.2403847334290505
k_c: 163.0
r_IC: 1221000.0
r_IC_0: 0.0
r_OC: 3061888.2501762
rho_0: 14567.66510706378
rho_c: 12502.0
