A_rho: 0.3604017190851968
CP: 1134.4390505017948
DeltaS: 127.0
Deltarho_ICB: 500.0
FeM: 15.0
H: 0.0
K_c: 1403000000000.0
L_rho: 7518329.890574472
Mp: 1.6
P0: 355.33543710000004
Q_CMB: 7400000000000.0
T0: 6860.0900353
TL0: 6649.370813453262
XFe: 15.0
alpha_c: 1.4256568296193773e-05
beta: 0.83
chi0: 0.056
dTL_dP: 9.0e-09
dTL_dchi: -21000.0
gamma: 1.2501407460930412
k_c: 163.0
r_IC: 1221000.0
r_IC_0: 0.0
r_OC: 1959171.0303926002
rho_0: 13505.661294520743
rho_c: 12502.0
