A_rho: 0.48823608867223245
CP: 991.0792442206417
DeltaS: 127.0
Deltarho_ICB: 500.0
FeM: 10.0
H: 0.0
K_c: 1403000000000.0
L_rho: 8853566.818246419
Mp: 1.8
P0: 987.3973136
Q_CMB: 7400000000000.0
T0: 8445.0554615
TL0: 11255.507044905242
XFe: 75.0
alpha_c: 1.0864706985001276e-05
beta: 0.83
chi0: 0.056
dTL_dP: 9.0e-09
dTL_dchi: -21000.0
gamma: 1.2183718996221375
k_c: 163.0
r_IC: 1221000.0
r_IC_0: 4642320.171806482
r_OC: 5119477.950791799
rho_0: 17911.61840104221
rho_c: 12502.0
