A_rho: 0.3456275738755382
CP: 1187.3865477050604
DeltaS: 127.0
Deltarho_ICB: 500.0
FeM: 5.0
H: 0.0
K_c: 1403000000000.0
L_rho: 8174027.069998366
Mp: 1.8
P0: 606.526975
Q_CMB: 7400000000000.0
T0: 9019.2236862
TL0: 8757.285862048504
XFe: 25.0
alpha_c: 1.2627489313449344e-05
beta: 0.83
chi0: 0.056
dTL_dP: 9.0e-09
dTL_dchi: -21000.0
gamma: 1.2275469057009445
k_c: 163.0
r_IC: 1221000.0
r_IC_0: 0.0
r_OC: 3449026.3290646
rho_0: 15405.43356232397
rho_c: 12502.0
