A_rho: 0.5279850912057132
CP: 952.9240962427352
DeltaS: 127.0
Deltarho_ICB: 500.0
FeM: 15.0
H: 0.0
K_c: 1403000000000.0
L_rho: 8621318.81243472
Mp: 1.5
P0: 823.6831950000001
Q_CMB: 7400000000000.0
T0: 7296.5362457
TL0: 10252.227156447485
XFe: 75.0
alpha_c: 1.1370331815684002e-05
beta: 0.83
chi0: 0.056
dTL_dP: 9.0e-09
dTL_dchi: -21000.0
gamma: 1.2295484304645115
k_c: 163.0
r_IC: 1221000.0
r_IC_0: 4541401.558301967
r_OC: 4845158.078547
rho_0: 17063.77892830919
rho_c: 12502.0
