A_rho: 0.4239817819489448
CP: 1077.016691276149
DeltaS: 127.0
Deltarho_ICB: 500.0
FeM: 10.0
H: 0.0
K_c: 1403000000000.0
L_rho: 8342033.68073071
Mp: 1.5
P0: 685.7896017999999
Q_CMB: 7400000000000.0
T0: 8221.6010716
TL0: 9329.105958485912
XFe: 50.0
alpha_c: 1.2173092589872684e-05
beta: 0.83
chi0: 0.056
dTL_dP: 9.0e-09
dTL_dchi: -21000.0
gamma: 1.230233857419073
k_c: 163.0
r_IC: 1221000.0
r_IC_0: 3226490.013932484
r_OC: 4167255.3195946
rho_0: 16076.217596308197
rho_c: 12502.0
