A_rho: 0.3364475497704618
CP: 1084.1681922341752
DeltaS: 127.0
Deltarho_ICB: 500.0
FeM: 20.0
H: 0.0
K_c: 1403000000000.0
L_rho: 7755445.700631321
Mp: 1.8
P0: 439.3614541
Q_CMB: 7400000000000.0
T0: 7135.697234
TL0: 7417.4567057536415
XFe: 20.0
alpha_c: 1.2266770557456806e-05
beta: 0.83
chi0: 0.056
dTL_dP: 9.0e-09
dTL_dchi: -21000.0
gamma: 1.2347690750534357
k_c: 163.0
r_IC: 1221000.0
r_IC_0: 1665877.8445999727
r_OC: 2287087.0272669
rho_0: 14273.876256495265
rho_c: 12502.0
