A_rho: 0.4548256323975521
CP: 1020.054101047049
DeltaS: 127.0
Deltarho_ICB: 500.0
FeM: 20.0
H: 0.0
K_c: 1403000000000.0
L_rho: 7778920.488597009
Mp: 1.1
P0: 440.7547788
Q_CMB: 7400000000000.0
T0: 6319.5561831
TL0: 7429.561545461836
XFe: 40.0
alpha_c: 1.3501842269668087e-05
beta: 0.83
chi0: 0.056
dTL_dP: 9.0e-09
dTL_dchi: -21000.0
gamma: 1.252080522455873
k_c: 163.0
r_IC: 1221000.0
r_IC_0: 2995388.7626149445
r_OC: 3318772.6527650002
rho_0: 14393.332817625536
rho_c: 12502.0
