A_rho: 0.4174527066047571
CP: 1165.3206398050047
DeltaS: 127.0
Deltarho_ICB: 500.0
FeM: 5.0
H: 0.0
K_c: 1403000000000.0
L_rho: 7900528.158303366
Mp: 1.3
P0: 479.9942994
Q_CMB: 7400000000000.0
T0: 7799.656237
TL0: 7763.155677760367
XFe: 30.0
alpha_c: 1.4639908439163637e-05
beta: 0.83
chi0: 0.056
dTL_dP: 9.0e-09
dTL_dchi: -21000.0
gamma: 1.2487877691646045
k_c: 163.0
r_IC: 1221000.0
r_IC_0: 0.0
r_OC: 3388639.2444422995
rho_0: 14540.888016367873
rho_c: 12502.0
