A_rho: 0.5206778640553292
CP: 1002.5370765347607
DeltaS: 127.0
Deltarho_ICB: 500.0
FeM: 10.0
H: 0.0
K_c: 1403000000000.0
L_rho: 8498246.828396304
Mp: 1.4
P0: 748.4663239
Q_CMB: 7400000000000.0
T0: 7547.371028300001
TL0: 9758.890178130747
XFe: 70.0
alpha_c: 1.2277524656088385e-05
beta: 0.83
chi0: 0.056
dTL_dP: 9.0e-09
dTL_dchi: -21000.0
gamma: 1.23519071436523
k_c: 163.0
r_IC: 1221000.0
r_IC_0: 4138582.0799168507
r_OC: 4666425.7295833
rho_0: 16565.14330124965
rho_c: 12502.0
