A_rho: 0.39195981346553765
CP: 1217.0284897625377
DeltaS: 127.0
Deltarho_ICB: 500.0
FeM: 0.0
H: 0.0
K_c: 1403000000000.0
L_rho: 8106436.44325655
Mp: 1.5
P0: 564.4570792999999
Q_CMB: 7400000000000.0
T0: 8826.3581276
TL0: 8439.012697803957
XFe: 30.0
alpha_c: 1.4202936957494805e-05
beta: 0.83
chi0: 0.056
dTL_dP: 9.0e-09
dTL_dchi: -21000.0
gamma: 1.2397513153580877
k_c: 163.0
r_IC: 1221000.0
r_IC_0: 0.0
r_OC: 3643743.3485088996
rho_0: 15102.243499106005
rho_c: 12502.0
