A_rho: 0.43839060948663927
CP: 1183.6414904038963
DeltaS: 127.0
Deltarho_ICB: 500.0
FeM: 5.0
H: 0.0
K_c: 1403000000000.0
L_rho: 7509814.347572872
Mp: 1.1
P0: 346.1480575
Q_CMB: 7400000000000.0
T0: 6914.9569234
TL0: 6560.2681618589495
XFe: 20.0
alpha_c: 1.6854098111603712e-05
beta: 0.83
chi0: 0.056
dTL_dP: 9.0e-09
dTL_dchi: -21000.0
gamma: 1.267186563752523
k_c: 163.0
r_IC: 1221000.0
r_IC_0: 0.0
r_OC: 2775364.2537527
rho_0: 13401.460394021773
rho_c: 12502.0
