A_rho: 0.4585283020981799
CP: 1015.4297787916845
DeltaS: 127.0
Deltarho_ICB: 500.0
FeM: 10.0
H: 0.0
K_c: 1403000000000.0
L_rho: 8797689.455475258
Mp: 1.8
P0: 958.5567076
Q_CMB: 7400000000000.0
T0: 8696.361863200002
TL0: 11084.97930892585
XFe: 70.0
alpha_c: 1.0862364159889469e-05
beta: 0.83
chi0: 0.056
dTL_dP: 9.0e-09
dTL_dchi: -21000.0
gamma: 1.2172225287623193
k_c: 163.0
r_IC: 1221000.0
r_IC_0: 4417390.035841878
r_OC: 4981380.871361401
rho_0: 17728.712123289864
rho_c: 12502.0
