A_rho: 0.35066146195284453
CP: 1080.7837870807057
DeltaS: 127.0
Deltarho_ICB: 500.0
FeM: 15.0
H: 0.0
K_c: 1403000000000.0
L_rho: 8280304.216125546
Mp: 1.8
P0: 671.1679836
Q_CMB: 7400000000000.0
T0: 8407.9369515
TL0: 9226.134861042608
XFe: 35.0
alpha_c: 1.1078316886313105e-05
beta: 0.83
chi0: 0.056
dTL_dP: 9.0e-09
dTL_dchi: -21000.0
gamma: 1.219771474474652
k_c: 163.0
r_IC: 1221000.0
r_IC_0: 2838790.4533580085
r_OC: 3659513.5107001998
rho_0: 15954.714978664986
rho_c: 12502.0
