A_rho: 0.47291400436668896
CP: 1043.011193085288
DeltaS: 127.0
Deltarho_ICB: 500.0
FeM: 10.0
H: 0.0
K_c: 1403000000000.0
L_rho: 8385399.07328091
Mp: 1.4
P0: 698.3809149
Q_CMB: 7400000000000.0
T0: 7830.981654100001
TL0: 9416.928676800348
XFe: 60.0
alpha_c: 1.2403707475948769e-05
beta: 0.83
chi0: 0.056
dTL_dP: 9.0e-09
dTL_dchi: -21000.0
gamma: 1.2344926347950782
k_c: 163.0
r_IC: 1221000.0
r_IC_0: 3686969.155111899
r_OC: 4393449.4349317
rho_0: 16204.114723503359
rho_c: 12502.0
