A_rho: 0.35414062820028375
CP: 1034.169362873094
DeltaS: 127.0
Deltarho_ICB: 500.0
FeM: 20.0
H: 0.0
K_c: 1403000000000.0
L_rho: 8333828.337025074
Mp: 1.8
P0: 705.1866737
Q_CMB: 7400000000000.0
T0: 8098.4433271
TL0: 9464.078286815526
XFe: 40.0
alpha_c: 1.0433789436239437e-05
beta: 0.83
chi0: 0.056
dTL_dP: 9.0e-09
dTL_dchi: -21000.0
gamma: 1.2163728517602994
k_c: 163.0
r_IC: 1221000.0
r_IC_0: 3484858.604892351
r_OC: 3771040.5299372002
rho_0: 16225.74663894826
rho_c: 12502.0
