A_rho: 0.411247299676912
CP: 1090.5299952896864
DeltaS: 127.0
Deltarho_ICB: 500.0
FeM: 10.0
H: 0.0
K_c: 1403000000000.0
L_rho: 8272780.469152183
Mp: 1.5
P0: 652.0346986000001
Q_CMB: 7400000000000.0
T0: 8209.1476417
TL0: 9089.73304827639
XFe: 45.0
alpha_c: 1.2316542087906253e-05
beta: 0.83
chi0: 0.056
dTL_dP: 9.0e-09
dTL_dchi: -21000.0
gamma: 1.2311969955468685
k_c: 163.0
r_IC: 1221000.0
r_IC_0: 2924982.9692009045
r_OC: 3998681.3965045996
rho_0: 15839.938955569329
rho_c: 12502.0
