A_rho: 0.49960936744456047
CP: 1078.8707324084864
DeltaS: 127.0
Deltarho_ICB: 500.0
FeM: 0.0
H: 0.0
K_c: 1403000000000.0
L_rho: 8680113.620343087
Mp: 1.6
P0: 851.4134889000001
Q_CMB: 7400000000000.0
T0: 8839.241846100002
TL0: 10428.553787826306
XFe: 70.0
alpha_c: 1.2641548804599648e-05
beta: 0.83
chi0: 0.056
dTL_dP: 9.0e-09
dTL_dchi: -21000.0
gamma: 1.2298924538616067
k_c: 163.0
r_IC: 1221000.0
r_IC_0: 3811297.6611663057
r_OC: 4909312.1052366
rho_0: 17082.11119486953
rho_c: 12502.0
