A_rho: 0.3438328298592589
CP: 1249.191116578867
DeltaS: 127.0
Deltarho_ICB: 500.0
FeM: 0.0
H: 0.0
K_c: 1403000000000.0
L_rho: 8122408.7925095875
Mp: 1.8
P0: 576.4157532
Q_CMB: 7400000000000.0
T0: 9327.4355381
TL0: 8530.621495229389
XFe: 20.0
alpha_c: 1.3557404205932938e-05
beta: 0.83
chi0: 0.056
dTL_dP: 9.0e-09
dTL_dchi: -21000.0
gamma: 1.23189349805841
k_c: 163.0
r_IC: 1221000.0
r_IC_0: 0.0
r_OC: 3351463.4642337
rho_0: 15129.903264303166
rho_c: 12502.0
