A_rho: 0.5180834076284137
CP: 985.0441599962412
DeltaS: 127.0
Deltarho_ICB: 500.0
FeM: 10.0
H: 0.0
K_c: 1403000000000.0
L_rho: 8710057.260164553
Mp: 1.6
P0: 877.4513578
Q_CMB: 7400000000000.0
T0: 7889.6201255
TL0: 10591.600350223878
XFe: 75.0
alpha_c: 1.1503068306885523e-05
beta: 0.83
chi0: 0.056
dTL_dP: 9.0e-09
dTL_dchi: -21000.0
gamma: 1.22681931122138
k_c: 163.0
r_IC: 1221000.0
r_IC_0: 4497333.773949115
r_OC: 4962853.8479071995
rho_0: 17331.64037628053
rho_c: 12502.0
