A_rho: 0.4010427484483895
CP: 1075.5763793768954
DeltaS: 127.0
Deltarho_ICB: 500.0
FeM: 15.0
H: 0.0
K_c: 1403000000000.0
L_rho: 7990618.525935828
Mp: 1.4
P0: 525.9683075
Q_CMB: 7400000000000.0
T0: 7404.0765994
TL0: 8137.591711717571
XFe: 35.0
alpha_c: 1.2709035613904012e-05
beta: 0.83
chi0: 0.056
dTL_dP: 9.0e-09
dTL_dchi: -21000.0
gamma: 1.238500837124582
k_c: 163.0
r_IC: 1221000.0
r_IC_0: 2625429.1832967093
r_OC: 3426770.8176619
rho_0: 14978.145164688283
rho_c: 12502.0
