A_rho: 0.35984211215943546
CP: 1171.6963342719582
DeltaS: 127.0
Deltarho_ICB: 500.0
FeM: 10.0
H: 0.0
K_c: 1403000000000.0
L_rho: 7666572.732236127
Mp: 1.6
P0: 400.98661489999995
Q_CMB: 7400000000000.0
T0: 7459.4324258
TL0: 7076.419987005764
XFe: 15.0
alpha_c: 1.4302190483508462e-05
beta: 0.83
chi0: 0.056
dTL_dP: 9.0e-09
dTL_dchi: -21000.0
gamma: 1.246888582072295
k_c: 163.0
r_IC: 1221000.0
r_IC_0: 0.0
r_OC: 2407518.9138201
rho_0: 13868.856050131197
rho_c: 12502.0
