A_rho: 0.39853383074267135
CP: 1127.4009541570858
DeltaS: 127.0
Deltarho_ICB: 500.0
FeM: 15.0
H: 0.0
K_c: 1403000000000.0
L_rho: 7298768.470248135
Mp: 1.3
P0: 292.7602501
Q_CMB: 7400000000000.0
T0: 6229.3277026
TL0: 6018.045275737183
XFe: 15.0
alpha_c: 1.585252185029602e-05
beta: 0.83
chi0: 0.056
dTL_dP: 9.0e-09
dTL_dchi: -21000.0
gamma: 1.2650381098632812
k_c: 163.0
r_IC: 1221000.0
r_IC_0: 0.0
r_OC: 1855320.9412263
rho_0: 12928.993806195615
rho_c: 12502.0
