A_rho: 0.37243005114931016
CP: 1095.1264881996303
DeltaS: 127.0
Deltarho_ICB: 500.0
FeM: 10.0
H: 0.0
K_c: 1403000000000.0
L_rho: 8486698.509258185
Mp: 1.8
P0: 779.2818647999999
Q_CMB: 7400000000000.0
T0: 9030.0754972
TL0: 9963.786606216116
XFe: 45.0
alpha_c: 1.1157244379367574e-05
beta: 0.83
chi0: 0.056
dTL_dP: 9.0e-09
dTL_dchi: -21000.0
gamma: 1.2176098774276858
k_c: 163.0
r_IC: 1221000.0
r_IC_0: 3063808.0000675158
r_OC: 4190991.175692
rho_0: 16614.974861225604
rho_c: 12502.0
