A_rho: 0.5092831190261311
CP: 1034.3558190160363
DeltaS: 127.0
Deltarho_ICB: 500.0
FeM: 10.0
H: 0.0
K_c: 1403000000000.0
L_rho: 8208802.440711253
Mp: 1.2
P0: 602.8611182
Q_CMB: 7400000000000.0
T0: 7207.1593186
TL0: 8729.987278867045
XFe: 60.0
alpha_c: 1.3342731931950616e-05
beta: 0.83
chi0: 0.056
dTL_dP: 9.0e-09
dTL_dchi: -21000.0
gamma: 1.2452761765432097
k_c: 163.0
r_IC: 1221000.0
r_IC_0: 3548562.634022353
r_OC: 4220441.7976616
rho_0: 15593.407803859933
rho_c: 12502.0
