A_rho: 0.38402774697561537
CP: 1128.3078948340396
DeltaS: 127.0
Deltarho_ICB: 500.0
FeM: 10.0
H: 0.0
K_c: 1403000000000.0
L_rho: 8013320.62875694
Mp: 1.5
P0: 533.4753279
Q_CMB: 7400000000000.0
T0: 7943.026764
TL0: 8197.201275616277
XFe: 30.0
alpha_c: 1.306650897387132e-05
beta: 0.83
chi0: 0.056
dTL_dP: 9.0e-09
dTL_dchi: -21000.0
gamma: 1.2373103844287054
k_c: 163.0
r_IC: 1221000.0
r_IC_0: 1640099.4849840754
r_OC: 3381564.0320181
rho_0: 14970.39708100894
rho_c: 12502.0
