A_rho: 0.4761642161978359
CP: 933.8951429358838
DeltaS: 127.0
Deltarho_ICB: 500.0
FeM: 20.0
H: 0.0
K_c: 1403000000000.0
L_rho: 8832018.862624621
Mp: 1.8
P0: 989.6019259
Q_CMB: 7400000000000.0
T0: 7768.8934389
TL0: 11268.442378358348
XFe: 75.0
alpha_c: 9.975714901787364e-06
beta: 0.83
chi0: 0.056
dTL_dP: 9.0e-09
dTL_dchi: -21000.0
gamma: 1.2146800905182162
k_c: 163.0
r_IC: 1221000.0
r_IC_0: 4892435.09124663
r_OC: 5049853.1463201
rho_0: 17985.61250559728
rho_c: 12502.0
