A_rho: 0.4934470330590195
CP: 1036.0978630647267
DeltaS: 127.0
Deltarho_ICB: 500.0
FeM: 15.0
H: 0.0
K_c: 1403000000000.0
L_rho: 7787847.463717136
Mp: 1.0
P0: 437.3763636
Q_CMB: 7400000000000.0
T0: 6360.5540628
TL0: 7400.178555530922
XFe: 45.0
alpha_c: 1.4411928434604646e-05
beta: 0.83
chi0: 0.056
dTL_dP: 9.0e-09
dTL_dchi: -21000.0
gamma: 1.2582470609863057
k_c: 163.0
r_IC: 1221000.0
r_IC_0: 2926221.2077174694
r_OC: 3510012.3876117994
rho_0: 14357.296119361292
rho_c: 12502.0
