A_rho: 0.5062443795749977
CP: 1108.5409056014375
DeltaS: 127.0
Deltarho_ICB: 500.0
FeM: 5.0
H: 0.0
K_c: 1403000000000.0
L_rho: 7840028.090228674
Mp: 1.0
P0: 448.65584119999994
Q_CMB: 7400000000000.0
T0: 6970.785407800001
TL0: 7497.855691110595
XFe: 45.0
alpha_c: 1.568000891460213e-05
beta: 0.83
chi0: 0.056
dTL_dP: 9.0e-09
dTL_dchi: -21000.0
gamma: 1.2616382414946852
k_c: 163.0
r_IC: 1221000.0
r_IC_0: 2237172.576472493
r_OC: 3661831.4270599997
rho_0: 14377.008474800698
rho_c: 12502.0
