A_rho: 0.3593470072305874
CP: 1067.4969618838475
DeltaS: 127.0
Deltarho_ICB: 500.0
FeM: 20.0
H: 0.0
K_c: 1403000000000.0
L_rho: 7824506.290843299
Mp: 1.6
P0: 465.06172999999995
Q_CMB: 7400000000000.0
T0: 7088.2122087
TL0: 7637.824496077694
XFe: 25.0
alpha_c: 1.2295874663088756e-05
beta: 0.83
chi0: 0.056
dTL_dP: 9.0e-09
dTL_dchi: -21000.0
gamma: 1.2362757848992305
k_c: 163.0
r_IC: 1221000.0
r_IC_0: 2271746.1225415883
r_OC: 2741881.5426438
rho_0: 14508.070807879478
rho_c: 12502.0
