A_rho: 0.4247173022910571
CP: 1235.3287049456785
DeltaS: 127.0
Deltarho_ICB: 500.0
FeM: 0.0
H: 0.0
K_c: 1403000000000.0
L_rho: 7666401.007317501
Mp: 1.2
P0: 392.3250915
Q_CMB: 7400000000000.0
T0: 7637.8948315
TL0: 6997.283145006292
XFe: 20.0
alpha_c: 1.6767277693582028e-05
beta: 0.83
chi0: 0.056
dTL_dP: 9.0e-09
dTL_dchi: -21000.0
gamma: 1.2616951189499117
k_c: 163.0
r_IC: 1221000.0
r_IC_0: 0.0
r_OC: 3012350.4357297
rho_0: 13756.56577445195
rho_c: 12502.0
