A_rho: 0.37830882649533787
CP: 1117.4056119390382
DeltaS: 127.0
Deltarho_ICB: 500.0
FeM: 10.0
H: 0.0
K_c: 1403000000000.0
L_rho: 8186249.664430136
Mp: 1.6
P0: 613.8449862000001
Q_CMB: 7400000000000.0
T0: 8342.7952029
TL0: 8811.54272858336
XFe: 35.0
alpha_c: 1.2309949922894622e-05
beta: 0.83
chi0: 0.056
dTL_dP: 9.0e-09
dTL_dchi: -21000.0
gamma: 1.229813613507417
k_c: 163.0
r_IC: 1221000.0
r_IC_0: 2211832.3698034715
r_OC: 3674914.1529865996
rho_0: 15545.4232912351
rho_c: 12502.0
