A_rho: 0.4699990503731886
CP: 1085.5655529343667
DeltaS: 127.0
Deltarho_ICB: 500.0
FeM: 0.0
H: 0.0
K_c: 1403000000000.0
L_rho: 8823692.324840067
Mp: 1.8
P0: 957.8895196000001
Q_CMB: 7400000000000.0
T0: 9456.0217544
TL0: 11081.00514428809
XFe: 70.0
alpha_c: 1.1935081877571555e-05
beta: 0.83
chi0: 0.056
dTL_dP: 9.0e-09
dTL_dchi: -21000.0
gamma: 1.2213667793619556
k_c: 163.0
r_IC: 1221000.0
r_IC_0: 3905422.0514197927
r_OC: 5064311.6205333
rho_0: 17650.08471137425
rho_c: 12502.0
