A_rho: 0.4502804686873756
CP: 1154.5861653225188
DeltaS: 127.0
Deltarho_ICB: 500.0
FeM: 0.0
H: 0.0
K_c: 1403000000000.0
L_rho: 8307910.107886869
Mp: 1.4
P0: 652.1016189
Q_CMB: 7400000000000.0
T0: 8676.316288799999
TL0: 9090.213483367472
XFe: 50.0
alpha_c: 1.38506200832905e-05
beta: 0.83
chi0: 0.056
dTL_dP: 9.0e-09
dTL_dchi: -21000.0
gamma: 1.2392091338594104
k_c: 163.0
r_IC: 1221000.0
r_IC_0: 2112572.1680891127
r_OC: 4232408.0408717
rho_0: 15783.42070283862
rho_c: 12502.0
