A_rho: 0.5864881140823468
CP: 1006.7192496725428
DeltaS: 127.0
Deltarho_ICB: 500.0
FeM: 0.0
H: 0.0
K_c: 1403000000000.0
L_rho: 8706558.90184642
Mp: 1.5
P0: 841.6602121
Q_CMB: 7400000000000.0
T0: 7860.444876899999
TL0: 10366.8583604263
XFe: 80.0
alpha_c: 1.2830904036963985e-05
beta: 0.83
chi0: 0.056
dTL_dP: 9.0e-09
dTL_dchi: -21000.0
gamma: 1.2363239487549216
k_c: 163.0
r_IC: 1221000.0
r_IC_0: 4375517.424046246
r_OC: 5057831.0748498
rho_0: 17114.947789270216
rho_c: 12502.0
