A_rho: 0.5147790953008117
CP: 1056.1090753916178
DeltaS: 127.0
Deltarho_ICB: 500.0
FeM: 10.0
H: 0.0
K_c: 1403000000000.0
L_rho: 7882845.456797156
Mp: 1.0
P0: 466.4767706
Q_CMB: 7400000000000.0
T0: 6653.7081149
TL0: 7649.784053818202
XFe: 50.0
alpha_c: 1.4799296168519854e-05
beta: 0.83
chi0: 0.056
dTL_dP: 9.0e-09
dTL_dchi: -21000.0
gamma: 1.2587202392787975
k_c: 163.0
r_IC: 1221000.0
r_IC_0: 2917199.7961626137
r_OC: 3742658.6624467997
rho_0: 14573.791230520208
rho_c: 12502.0
