A_rho: 0.5071167569690187
CP: 1095.310006976529
DeltaS: 127.0
Deltarho_ICB: 500.0
FeM: 0.0
H: 0.0
K_c: 1403000000000.0
L_rho: 8470844.788321337
Mp: 1.4
P0: 725.8362889
Q_CMB: 7400000000000.0
T0: 8391.9752248
TL0: 9605.802060579215
XFe: 65.0
alpha_c: 1.3528940288170805e-05
beta: 0.83
chi0: 0.056
dTL_dP: 9.0e-09
dTL_dchi: -21000.0
gamma: 1.2388015099503502
k_c: 163.0
r_IC: 1221000.0
r_IC_0: 3377880.3190675736
r_OC: 4621722.4886658
rho_0: 16326.495487501283
rho_c: 12502.0
