A_rho: 0.4302255709157935
CP: 983.3031338188302
DeltaS: 127.0
Deltarho_ICB: 500.0
FeM: 20.0
H: 0.0
K_c: 1403000000000.0
L_rho: 8508904.305323286
Mp: 1.6
P0: 789.7504619
Q_CMB: 7400000000000.0
T0: 7711.568987899999
TL0: 10032.496271090858
XFe: 60.0
alpha_c: 1.0615562160459279e-05
beta: 0.83
chi0: 0.056
dTL_dP: 9.0e-09
dTL_dchi: -21000.0
gamma: 1.2210330019255768
k_c: 163.0
r_IC: 1221000.0
r_IC_0: 4229702.974817161
r_OC: 4437553.5593716
rho_0: 16818.055922593732
rho_c: 12502.0
