A_rho: 0.41535096949188804
CP: 1017.6771283927751
DeltaS: 127.0
Deltarho_ICB: 500.0
FeM: 20.0
H: 0.0
K_c: 1403000000000.0
L_rho: 8133123.804985263
Mp: 1.4
P0: 591.8134518999999
Q_CMB: 7400000000000.0
T0: 7196.366812199999
TL0: 8647.227860120178
XFe: 45.0
alpha_c: 1.1747510544024411e-05
beta: 0.83
chi0: 0.056
dTL_dP: 9.0e-09
dTL_dchi: -21000.0
gamma: 1.2331355205946348
k_c: 163.0
r_IC: 1221000.0
r_IC_0: 3466780.6620798763
r_OC: 3747744.7673721
rho_0: 15515.637705846271
rho_c: 12502.0
