A_rho: 0.5454386182531806
CP: 1113.2264010653018
DeltaS: 127.0
Deltarho_ICB: 500.0
FeM: 0.0
H: 0.0
K_c: 1403000000000.0
L_rho: 7980074.464489864
Mp: 1.0
P0: 492.63379919999994
Q_CMB: 7400000000000.0
T0: 7205.2432214
TL0: 7867.770441646492
XFe: 55.0
alpha_c: 1.5989446149262112e-05
beta: 0.83
chi0: 0.056
dTL_dP: 9.0e-09
dTL_dchi: -21000.0
gamma: 1.26196255031747
k_c: 163.0
r_IC: 1221000.0
r_IC_0: 2504962.070659691
r_OC: 3991102.0321153
rho_0: 14724.441865052599
rho_c: 12502.0
