A_rho: 0.4675974270906805
CP: 1032.120409870764
DeltaS: 127.0
Deltarho_ICB: 500.0
FeM: 15.0
H: 0.0
K_c: 1403000000000.0
L_rho: 8063896.934355615
Mp: 1.2
P0: 548.7637355
Q_CMB: 7400000000000.0
T0: 6991.6133603
TL0: 8317.35421330928
XFe: 50.0
alpha_c: 1.3031868412984754e-05
beta: 0.83
chi0: 0.056
dTL_dP: 9.0e-09
dTL_dchi: -21000.0
gamma: 1.244402103374403
k_c: 163.0
r_IC: 1221000.0
r_IC_0: 3324405.7141266973
r_OC: 3861710.9830742003
rho_0: 15208.250502608787
rho_c: 12502.0
