A_rho: 0.45738433350120705
CP: 1201.5185575896119
DeltaS: 127.0
Deltarho_ICB: 500.0
FeM: 0.0
H: 0.0
K_c: 1403000000000.0
L_rho: 7760718.377549392
Mp: 1.1
P0: 421.88643219999994
Q_CMB: 7400000000000.0
T0: 7556.8175847
TL0: 7264.026621405506
XFe: 30.0
alpha_c: 1.6559762420098892e-05
beta: 0.83
chi0: 0.056
dTL_dP: 9.0e-09
dTL_dchi: -21000.0
gamma: 1.2618754635692027
k_c: 163.0
r_IC: 1221000.0
r_IC_0: 0.0
r_OC: 3358914.969796
rho_0: 14051.976498859489
rho_c: 12502.0
