A_rho: 0.36356345476004875
CP: 1054.9706214778232
DeltaS: 127.0
Deltarho_ICB: 500.0
FeM: 20.0
H: 0.0
K_c: 1403000000000.0
L_rho: 7974318.259467387
Mp: 1.6
P0: 526.3490644999999
Q_CMB: 7400000000000.0
T0: 7329.572693000001
TL0: 8140.625010743179
XFe: 30.0
alpha_c: 1.1776511097482997e-05
beta: 0.83
chi0: 0.056
dTL_dP: 9.0e-09
dTL_dchi: -21000.0
gamma: 1.2313208728645126
k_c: 163.0
r_IC: 1221000.0
r_IC_0: 2726690.553928322
r_OC: 3113994.902327
rho_0: 14991.141070158375
rho_c: 12502.0
