A_rho: 0.398717115580867
CP: 1062.060833267555
DeltaS: 127.0
Deltarho_ICB: 500.0
FeM: 20.0
H: 0.0
K_c: 1403000000000.0
L_rho: 7596167.092222412
Mp: 1.3
P0: 381.8895058
Q_CMB: 7400000000000.0
T0: 6412.8506029
TL0: 6900.8032027396675
XFe: 25.0
alpha_c: 1.3718792465369228e-05
beta: 0.83
chi0: 0.056
dTL_dP: 9.0e-09
dTL_dchi: -21000.0
gamma: 1.2514050199147482
k_c: 163.0
r_IC: 1221000.0
r_IC_0: 2093957.0076830457
r_OC: 2593783.5293271
rho_0: 13836.376021887047
rho_c: 12502.0
