A_rho: 0.6641546425035166
CP: 872.6135097304353
DeltaS: 127.0
Deltarho_ICB: 500.0
FeM: 20.0
H: 0.0
K_c: 1403000000000.0
L_rho: 8195325.389889669
Mp: 1.0
P0: 573.8524693
Q_CMB: 7400000000000.0
T0: 5294.298616800001
TL0: 8511.06379047366
XFe: 80.0
alpha_c: 1.2931758514007947e-05
beta: 0.83
chi0: 0.056
dTL_dP: 9.0e-09
dTL_dchi: -21000.0
gamma: 1.2562701291041243
k_c: 163.0
r_IC: 1221000.0
r_IC_0: 4277614.819557435
r_OC: 4440657.4718922
rho_0: 15576.017764969094
rho_c: 12502.0
