A_rho: 0.3678991224734287
CP: 1057.6470697040943
DeltaS: 127.0
Deltarho_ICB: 500.0
FeM: 15.0
H: 0.0
K_c: 1403000000000.0
L_rho: 8458275.91441956
Mp: 1.8
P0: 769.28181
Q_CMB: 7400000000000.0
T0: 8608.367703599999
TL0: 9897.732860930544
XFe: 45.0
alpha_c: 1.0675464217869247e-05
beta: 0.83
chi0: 0.056
dTL_dP: 9.0e-09
dTL_dchi: -21000.0
gamma: 1.215918823595995
k_c: 163.0
r_IC: 1221000.0
r_IC_0: 3464407.0314726895
r_OC: 4101089.6353811002
rho_0: 16596.287501765106
rho_c: 12502.0
