A_rho: 0.45042546845987114
CP: 968.1513728659751
DeltaS: 127.0
Deltarho_ICB: 500.0
FeM: 20.0
H: 0.0
K_c: 1403000000000.0
L_rho: 8570088.235899264
Mp: 1.6
P0: 821.4493697
Q_CMB: 7400000000000.0
T0: 7620.713708399999
TL0: 10237.898668697217
XFe: 65.0
alpha_c: 1.058446134579469e-05
beta: 0.83
chi0: 0.056
dTL_dP: 9.0e-09
dTL_dchi: -21000.0
gamma: 1.2213221760474051
k_c: 163.0
r_IC: 1221000.0
r_IC_0: 4403423.63295539
r_OC: 4595657.5850819005
rho_0: 17023.618835072415
rho_c: 12502.0
