A_rho: 0.5181237172600774
CP: 955.5626110821752
DeltaS: 127.0
Deltarho_ICB: 500.0
FeM: 20.0
H: 0.0
K_c: 1403000000000.0
L_rho: 8234289.23841798
Mp: 1.2
P0: 620.8994485000001
Q_CMB: 7400000000000.0
T0: 6514.846882399999
TL0: 8863.5494202185
XFe: 65.0
alpha_c: 1.219139189136164e-05
beta: 0.83
chi0: 0.056
dTL_dP: 9.0e-09
dTL_dchi: -21000.0
gamma: 1.24175182476486
k_c: 163.0
r_IC: 1221000.0
r_IC_0: 4055568.071082054
r_OC: 4260508.7265529
rho_0: 15800.628320679458
rho_c: 12502.0
