A_rho: 0.38724319799154877
CP: 1152.433473863235
DeltaS: 127.0
Deltarho_ICB: 500.0
FeM: 10.0
H: 0.0
K_c: 1403000000000.0
L_rho: 7691187.251870886
Mp: 1.4
P0: 408.6679557
Q_CMB: 7400000000000.0
T0: 7296.4954494
TL0: 7145.9103896814
XFe: 20.0
alpha_c: 1.4534245511458804e-05
beta: 0.83
chi0: 0.056
dTL_dP: 9.0e-09
dTL_dchi: -21000.0
gamma: 1.2503350008205067
k_c: 163.0
r_IC: 1221000.0
r_IC_0: 0.0
r_OC: 2744113.4237363
rho_0: 13966.496186560937
rho_c: 12502.0
