A_rho: 0.4695257327013915
CP: 1122.3960191617712
DeltaS: 127.0
Deltarho_ICB: 500.0
FeM: 0.0
H: 0.0
K_c: 1403000000000.0
L_rho: 8497318.312772559
Mp: 1.5
P0: 750.8908713999999
Q_CMB: 7400000000000.0
T0: 8861.2801015
TL0: 9775.157847876448
XFe: 60.0
alpha_c: 1.3183646274578123e-05
beta: 0.83
chi0: 0.056
dTL_dP: 9.0e-09
dTL_dchi: -21000.0
gamma: 1.2337291275416506
k_c: 163.0
r_IC: 1221000.0
r_IC_0: 3036014.680185381
r_OC: 4576847.2286874
rho_0: 16443.6744663125
rho_c: 12502.0
