A_rho: 0.6059897825114522
CP: 933.3533640648368
DeltaS: 127.0
Deltarho_ICB: 500.0
FeM: 15.0
H: 0.0
K_c: 1403000000000.0
L_rho: 8257757.896704114
Mp: 1.1
P0: 610.2220639
Q_CMB: 7400000000000.0
T0: 6118.5520905
TL0: 8784.721266874834
XFe: 75.0
alpha_c: 1.3032767562232418e-05
beta: 0.83
chi0: 0.056
dTL_dP: 9.0e-09
dTL_dchi: -21000.0
gamma: 1.2506357357283566
k_c: 163.0
r_IC: 1221000.0
r_IC_0: 4169625.929937186
r_OC: 4459459.7475914005
rho_0: 15760.93790950396
rho_c: 12502.0
