A_rho: 0.43106982678876504
CP: 1221.0709748599384
DeltaS: 127.0
Deltarho_ICB: 500.0
FeM: 0.0
H: 0.0
K_c: 1403000000000.0
L_rho: 7766768.910910206
Mp: 1.2
P0: 425.852871
Q_CMB: 7400000000000.0
T0: 7781.8329245
TL0: 7299.118221042163
XFe: 25.0
alpha_c: 1.6285650406502857e-05
beta: 0.83
chi0: 0.056
dTL_dP: 9.0e-09
dTL_dchi: -21000.0
gamma: 1.258449547148183
k_c: 163.0
r_IC: 1221000.0
r_IC_0: 0.0
r_OC: 3237827.9343555
rho_0: 14056.17560686902
rho_c: 12502.0
