A_rho: 0.36263517787401756
CP: 1107.5141733520065
DeltaS: 127.0
Deltarho_ICB: 500.0
FeM: 10.0
H: 0.0
K_c: 1403000000000.0
L_rho: 8408812.146994844
Mp: 1.8
P0: 735.1157497
Q_CMB: 7400000000000.0
T0: 8963.5433376
TL0: 9668.852032280121
XFe: 40.0
alpha_c: 1.1320916759020746e-05
beta: 0.83
chi0: 0.056
dTL_dP: 9.0e-09
dTL_dchi: -21000.0
gamma: 1.2190305067228895
k_c: 163.0
r_IC: 1221000.0
r_IC_0: 2703814.8289408563
r_OC: 3998010.4850927
rho_0: 16331.171947065815
rho_c: 12502.0
