A_rho: 0.6056177481894097
CP: 1025.4698189303758
DeltaS: 127.0
Deltarho_ICB: 500.0
FeM: 0.0
H: 0.0
K_c: 1403000000000.0
L_rho: 8390995.134694945
Mp: 1.2
P0: 662.1240667000001
Q_CMB: 7400000000000.0
T0: 7244.8107655
TL0: 9161.898831720702
XFe: 75.0
alpha_c: 1.4214881316499537e-05
beta: 0.83
chi0: 0.056
dTL_dP: 9.0e-09
dTL_dchi: -21000.0
gamma: 1.2503136320673138
k_c: 163.0
r_IC: 1221000.0
r_IC_0: 3884853.5886662025
r_OC: 4659559.1144126
rho_0: 16010.355518498845
rho_c: 12502.0
