A_rho: 0.566989211880412
CP: 923.3931082352235
DeltaS: 127.0
Deltarho_ICB: 500.0
FeM: 15.0
H: 0.0
K_c: 1403000000000.0
L_rho: 8680015.366121834
Mp: 1.5
P0: 847.3731824999999
Q_CMB: 7400000000000.0
T0: 6975.380128
TL0: 10403.038190021714
XFe: 80.0
alpha_c: 1.1339256508701794e-05
beta: 0.83
chi0: 0.056
dTL_dP: 9.0e-09
dTL_dchi: -21000.0
gamma: 1.2309591737061985
k_c: 163.0
r_IC: 1221000.0
r_IC_0: 4715734.916579728
r_OC: 4979916.5199847
rho_0: 17234.473821879026
rho_c: 12502.0
