A_rho: 0.38650169904996795
CP: 1205.2828993422656
DeltaS: 127.0
Deltarho_ICB: 500.0
FeM: 0.0
H: 0.0
K_c: 1403000000000.0
L_rho: 8261219.423140768
Mp: 1.6
P0: 639.1172932999999
Q_CMB: 7400000000000.0
T0: 9222.135070999999
TL0: 8996.543979589373
XFe: 35.0
alpha_c: 1.3460275727625863e-05
beta: 0.83
chi0: 0.056
dTL_dP: 9.0e-09
dTL_dchi: -21000.0
gamma: 1.2329507874777235
k_c: 163.0
r_IC: 1221000.0
r_IC_0: 0.0
r_OC: 3895156.3219702
rho_0: 15623.018008103838
rho_c: 12502.0
