A_rho: 0.36134859519709184
CP: 1214.331748528019
DeltaS: 127.0
Deltarho_ICB: 500.0
FeM: 5.0
H: 0.0
K_c: 1403000000000.0
L_rho: 7774957.243049871
Mp: 1.6
P0: 435.94027719999997
Q_CMB: 7400000000000.0
T0: 8013.3313603
TL0: 7387.6551942399265
XFe: 15.0
alpha_c: 1.4586097390517757e-05
beta: 0.83
chi0: 0.056
dTL_dP: 9.0e-09
dTL_dchi: -21000.0
gamma: 1.2454799831342989
k_c: 163.0
r_IC: 1221000.0
r_IC_0: 0.0
r_OC: 2715705.454297
rho_0: 14116.258032245145
rho_c: 12502.0
