A_rho: 0.42092916113681533
CP: 1188.547546608439
DeltaS: 127.0
Deltarho_ICB: 500.0
FeM: 5.0
H: 0.0
K_c: 1403000000000.0
L_rho: 7600804.862595704
Mp: 1.2
P0: 374.5310935
Q_CMB: 7400000000000.0
T0: 7206.4430219999995
TL0: 6832.001795762538
XFe: 20.0
alpha_c: 1.6177829984769e-05
beta: 0.83
chi0: 0.056
dTL_dP: 9.0e-09
dTL_dchi: -21000.0
gamma: 1.261212637693557
k_c: 163.0
r_IC: 1221000.0
r_IC_0: 0.0
r_OC: 2837711.812452
rho_0: 13646.761889377416
rho_c: 12502.0
