A_rho: 0.40383289075579093
CP: 1254.1892562873234
DeltaS: 127.0
Deltarho_ICB: 500.0
FeM: 0.0
H: 0.0
K_c: 1403000000000.0
L_rho: 7636526.632698924
Mp: 1.3
P0: 383.5210525
Q_CMB: 7400000000000.0
T0: 7743.867988
TL0: 6915.970892244744
XFe: 15.0
alpha_c: 1.6706685005121628e-05
beta: 0.83
chi0: 0.056
dTL_dP: 9.0e-09
dTL_dchi: -21000.0
gamma: 1.2601007254733727
k_c: 163.0
r_IC: 1221000.0
r_IC_0: 0.0
r_OC: 2807949.2040274
rho_0: 13652.618430158878
rho_c: 12502.0
