A_rho: 0.5216926454052339
CP: 925.8426149519403
DeltaS: 127.0
Deltarho_ICB: 500.0
FeM: 20.0
H: 0.0
K_c: 1403000000000.0
L_rho: 8612886.510186156
Mp: 1.5
P0: 825.4855159
Q_CMB: 7400000000000.0
T0: 7000.4837156
TL0: 10263.774101668098
XFe: 75.0
alpha_c: 1.0911622165472573e-05
beta: 0.83
chi0: 0.056
dTL_dP: 9.0e-09
dTL_dchi: -21000.0
gamma: 1.22772606809758
k_c: 163.0
r_IC: 1221000.0
r_IC_0: 4645463.8821540605
r_OC: 4815305.0018211
rho_0: 17103.02809667413
rho_c: 12502.0
