A_rho: 0.4607227841802046
CP: 1053.8932256096043
DeltaS: 127.0
Deltarho_ICB: 500.0
FeM: 15.0
H: 0.0
K_c: 1403000000000.0
L_rho: 7812708.324973758
Mp: 1.1
P0: 449.6050023
Q_CMB: 7400000000000.0
T0: 6637.5147163
TL0: 7506.020542477389
XFe: 40.0
alpha_c: 1.4032973616820712e-05
beta: 0.83
chi0: 0.056
dTL_dP: 9.0e-09
dTL_dchi: -21000.0
gamma: 1.2534061368873977
k_c: 163.0
r_IC: 1221000.0
r_IC_0: 2744153.00484455
r_OC: 3417754.178757
rho_0: 14430.42084469854
rho_c: 12502.0
