A_rho: 0.38000742610209565
CP: 1089.334890331241
DeltaS: 127.0
Deltarho_ICB: 500.0
FeM: 15.0
H: 0.0
K_c: 1403000000000.0
L_rho: 7962481.9527528845
Mp: 1.5
P0: 516.1212893000001
Q_CMB: 7400000000000.0
T0: 7521.9972435
TL0: 8058.77216506455
XFe: 30.0
alpha_c: 1.259197205605858e-05
beta: 0.83
chi0: 0.056
dTL_dP: 9.0e-09
dTL_dchi: -21000.0
gamma: 1.2364520734174977
k_c: 163.0
r_IC: 1221000.0
r_IC_0: 2290668.3838310414
r_OC: 3235032.2586771
rho_0: 14883.156388409465
rho_c: 12502.0
