A_rho: 0.4012090656138982
CP: 1207.1334106549884
DeltaS: 127.0
Deltarho_ICB: 500.0
FeM: 5.0
H: 0.0
K_c: 1403000000000.0
L_rho: 7546860.864475593
Mp: 1.3
P0: 358.4501523
Q_CMB: 7400000000000.0
T0: 7252.9610655
TL0: 6679.324305104887
XFe: 15.0
alpha_c: 1.6245344387269605e-05
beta: 0.83
chi0: 0.056
dTL_dP: 9.0e-09
dTL_dchi: -21000.0
gamma: 1.2606154271730212
k_c: 163.0
r_IC: 1221000.0
r_IC_0: 0.0
r_OC: 2569129.1599227
rho_0: 13475.981153141389
rho_c: 12502.0
