A_rho: 0.3582504011189806
CP: 1161.5242083619726
DeltaS: 127.0
Deltarho_ICB: 500.0
FeM: 5.0
H: 0.0
K_c: 1403000000000.0
L_rho: 8365523.692452888
Mp: 1.8
P0: 705.054375
Q_CMB: 7400000000000.0
T0: 9329.4865816
TL0: 9463.163843493152
XFe: 35.0
alpha_c: 1.2032025272618345e-05
beta: 0.83
chi0: 0.056
dTL_dP: 9.0e-09
dTL_dchi: -21000.0
gamma: 1.2222804215129435
k_c: 163.0
r_IC: 1221000.0
r_IC_0: 1243060.0701645147
r_OC: 3910260.3215640998
rho_0: 16082.970842388551
rho_c: 12502.0
