A_rho: 0.3870491362935029
CP: 1077.6116961021446
DeltaS: 127.0
Deltarho_ICB: 500.0
FeM: 15.0
H: 0.0
K_c: 1403000000000.0
L_rho: 8067251.599910803
Mp: 1.5
P0: 561.1989212999999
Q_CMB: 7400000000000.0
T0: 7661.837454500001
TL0: 8413.890981375678
XFe: 35.0
alpha_c: 1.2259945215583669e-05
beta: 0.83
chi0: 0.056
dTL_dP: 9.0e-09
dTL_dchi: -21000.0
gamma: 1.2335115992658638
k_c: 163.0
r_IC: 1221000.0
r_IC_0: 2677271.661900496
r_OC: 3486525.5598837007
rho_0: 15226.68101714583
rho_c: 12502.0
