A_rho: 0.50126751402563
CP: 990.9833554590899
DeltaS: 127.0
Deltarho_ICB: 500.0
FeM: 20.0
H: 0.0
K_c: 1403000000000.0
L_rho: 7835880.225039154
Mp: 1.0
P0: 456.5311949
Q_CMB: 7400000000000.0
T0: 6078.8986724
TL0: 7565.349574635023
XFe: 50.0
alpha_c: 1.3642943395357677e-05
beta: 0.83
chi0: 0.056
dTL_dP: 9.0e-09
dTL_dchi: -21000.0
gamma: 1.2554096695732928
k_c: 163.0
r_IC: 1221000.0
r_IC_0: 3336811.3944685296
r_OC: 3604043.7508547003
rho_0: 14560.208540007585
rho_c: 12502.0
