A_rho: 0.46739078516507837
CP: 1186.883814375951
DeltaS: 127.0
Deltarho_ICB: 500.0
FeM: 0.0
H: 0.0
K_c: 1403000000000.0
L_rho: 7836447.907109371
Mp: 1.1
P0: 447.99172760000005
Q_CMB: 7400000000000.0
T0: 7623.3478363
TL0: 7492.137886205381
XFe: 35.0
alpha_c: 1.620818195198282e-05
beta: 0.83
chi0: 0.056
dTL_dP: 9.0e-09
dTL_dchi: -21000.0
gamma: 1.2597100629630904
k_c: 163.0
r_IC: 1221000.0
r_IC_0: 0.0
r_OC: 3525466.3360782005
rho_0: 14284.874732102851
rho_c: 12502.0
