A_rho: 0.6297621993326349
CP: 926.2652068768521
DeltaS: 127.0
Deltarho_ICB: 500.0
FeM: 15.0
H: 0.0
K_c: 1403000000000.0
L_rho: 8149364.446448145
Mp: 1.0
P0: 557.8244219
Q_CMB: 7400000000000.0
T0: 5798.8768924999995
TL0: 8387.797541547545
XFe: 75.0
alpha_c: 1.3542463870345515e-05
beta: 0.83
chi0: 0.056
dTL_dP: 9.0e-09
dTL_dchi: -21000.0
gamma: 1.256819582884272
k_c: 163.0
r_IC: 1221000.0
r_IC_0: 4062537.6762445625
r_OC: 4346135.3432751
rho_0: 15405.391532531303
rho_c: 12502.0
