A_rho: 0.39344328036974135
CP: 1164.889949236289
DeltaS: 127.0
Deltarho_ICB: 500.0
FeM: 0.0
H: 0.0
K_c: 1403000000000.0
L_rho: 8604039.60486556
Mp: 1.8
P0: 833.1968004
Q_CMB: 7400000000000.0
T0: 9923.592577700001
TL0: 10313.040542128532
XFe: 50.0
alpha_c: 1.2156741305657942e-05
beta: 0.83
chi0: 0.056
dTL_dP: 9.0e-09
dTL_dchi: -21000.0
gamma: 1.2207158966952325
k_c: 163.0
r_IC: 1221000.0
r_IC_0: 2104901.9968582317
r_OC: 4516249.1256768
rho_0: 16858.83116279022
rho_c: 12502.0
