A_rho: 0.4267214105665022
CP: 1174.7306860274696
DeltaS: 127.0
Deltarho_ICB: 500.0
FeM: 5.0
H: 0.0
K_c: 1403000000000.0
L_rho: 7716146.362615903
Mp: 1.2
P0: 412.0539705
Q_CMB: 7400000000000.0
T0: 7375.3178926
TL0: 7176.341174507517
XFe: 25.0
alpha_c: 1.5637804213876543e-05
beta: 0.83
chi0: 0.056
dTL_dP: 9.0e-09
dTL_dchi: -21000.0
gamma: 1.2573584654390126
k_c: 163.0
r_IC: 1221000.0
r_IC_0: 0.0
r_OC: 3099857.5580188
rho_0: 13986.621928629804
rho_c: 12502.0
