A_rho: 0.4201404299746249
CP: 1026.825127937502
DeltaS: 127.0
Deltarho_ICB: 500.0
FeM: 20.0
H: 0.0
K_c: 1403000000000.0
L_rho: 7960895.075611122
Mp: 1.3
P0: 514.9063437
Q_CMB: 7400000000000.0
T0: 6866.017439899999
TL0: 8048.996882989195
XFe: 40.0
alpha_c: 1.2437062566016034e-05
beta: 0.83
chi0: 0.056
dTL_dP: 9.0e-09
dTL_dchi: -21000.0
gamma: 1.2403840743091927
k_c: 163.0
r_IC: 1221000.0
r_IC_0: 3149173.2741057873
r_OC: 3465335.4745594
rho_0: 14954.530714885777
rho_c: 12502.0
