A_rho: 0.4959524963020732
CP: 971.8861795434574
DeltaS: 127.0
Deltarho_ICB: 500.0
FeM: 20.0
H: 0.0
K_c: 1403000000000.0
L_rho: 8174887.894624582
Mp: 1.2
P0: 597.3460645
Q_CMB: 7400000000000.0
T0: 6609.8893053
TL0: 8688.766132050205
XFe: 60.0
alpha_c: 1.226327373531272e-05
beta: 0.83
chi0: 0.056
dTL_dP: 9.0e-09
dTL_dchi: -21000.0
gamma: 1.2416191725109986
k_c: 163.0
r_IC: 1221000.0
r_IC_0: 3892887.0075426684
r_OC: 4114609.1459993
rho_0: 15619.689723992698
rho_c: 12502.0
