A_rho: 0.466525008793799
CP: 1008.4148370628805
DeltaS: 127.0
Deltarho_ICB: 500.0
FeM: 20.0
H: 0.0
K_c: 1403000000000.0
L_rho: 7862614.304481281
Mp: 1.1
P0: 470.5068
Q_CMB: 7400000000000.0
T0: 6365.3068219
TL0: 7683.748744345919
XFe: 45.0
alpha_c: 1.3254847420356935e-05
beta: 0.83
chi0: 0.056
dTL_dP: 9.0e-09
dTL_dchi: -21000.0
gamma: 1.2502684483246571
k_c: 163.0
r_IC: 1221000.0
r_IC_0: 3222837.6383781983
r_OC: 3514954.904058
rho_0: 14645.600362437726
rho_c: 12502.0
