A_rho: 0.5378302652232391
CP: 1020.0600174246703
DeltaS: 127.0
Deltarho_ICB: 500.0
FeM: 0.0
H: 0.0
K_c: 1403000000000.0
L_rho: 8931854.695505906
Mp: 1.8
P0: 1010.7949422
Q_CMB: 7400000000000.0
T0: 8766.589155
TL0: 11392.084308060032
XFe: 80.0
alpha_c: 1.1840983887252588e-05
beta: 0.83
chi0: 0.056
dTL_dP: 9.0e-09
dTL_dchi: -21000.0
gamma: 1.2235960059522601
k_c: 163.0
r_IC: 1221000.0
r_IC_0: 4577170.350066968
r_OC: 5312311.3341804
rho_0: 18006.835652458485
rho_c: 12502.0
