A_rho: 0.5641257619621938
CP: 958.2491113002637
DeltaS: 127.0
Deltarho_ICB: 500.0
FeM: 15.0
H: 0.0
K_c: 1403000000000.0
L_rho: 8200299.984669452
Mp: 1.1
P0: 592.6259794
Q_CMB: 7400000000000.0
T0: 6329.9617438000005
TL0: 8653.33999386363
XFe: 70.0
alpha_c: 1.3133795515698843e-05
beta: 0.83
chi0: 0.056
dTL_dP: 9.0e-09
dTL_dchi: -21000.0
gamma: 1.250014598816495
k_c: 163.0
r_IC: 1221000.0
r_IC_0: 4009980.5833974043
r_OC: 4339767.0335397
rho_0: 15608.82567052168
rho_c: 12502.0
