A_rho: 0.6864736995534427
CP: 942.1897797664986
DeltaS: 127.0
Deltarho_ICB: 500.0
FeM: 5.0
H: 0.0
K_c: 1403000000000.0
L_rho: 8219361.43598223
Mp: 1.0
P0: 571.3143213999999
Q_CMB: 7400000000000.0
T0: 5947.2034593
TL0: 8491.65607881765
XFe: 80.0
alpha_c: 1.4413154175801495e-05
beta: 0.83
chi0: 0.056
dTL_dP: 9.0e-09
dTL_dchi: -21000.0
gamma: 1.2610230728246186
k_c: 163.0
r_IC: 1221000.0
r_IC_0: 4065776.043368993
r_OC: 4509507.2479569
rho_0: 15488.538147016634
rho_c: 12502.0
