A_rho: 0.40845452015487876
CP: 1085.026033503358
DeltaS: 127.0
Deltarho_ICB: 500.0
FeM: 15.0
H: 0.0
K_c: 1403000000000.0
L_rho: 7802632.051252128
Mp: 1.3
P0: 450.4472035
Q_CMB: 7400000000000.0
T0: 7008.91232
TL0: 7513.258308810228
XFe: 30.0
alpha_c: 1.3569828527921336e-05
beta: 0.83
chi0: 0.056
dTL_dP: 9.0e-09
dTL_dchi: -21000.0
gamma: 1.246859946098856
k_c: 163.0
r_IC: 1221000.0
r_IC_0: 2186565.649241221
r_OC: 3114665.538739
rho_0: 14389.74282702226
rho_c: 12502.0
