A_rho: 0.41891576760635835
CP: 1029.6330646040542
DeltaS: 127.0
Deltarho_ICB: 500.0
FeM: 15.0
H: 0.0
K_c: 1403000000000.0
L_rho: 8462399.800444135
Mp: 1.6
P0: 759.633885
Q_CMB: 7400000000000.0
T0: 8113.590841699999
TL0: 9833.609176291882
XFe: 55.0
alpha_c: 1.1153865752166739e-05
beta: 0.83
chi0: 0.056
dTL_dP: 9.0e-09
dTL_dchi: -21000.0
gamma: 1.223056162258967
k_c: 163.0
r_IC: 1221000.0
r_IC_0: 3833823.738062211
r_OC: 4333841.7817241
rho_0: 16584.29629524851
rho_c: 12502.0
