A_rho: 0.3760401390134348
CP: 1053.7586046077529
DeltaS: 127.0
Deltarho_ICB: 500.0
FeM: 20.0
H: 0.0
K_c: 1403000000000.0
L_rho: 7899873.713565708
Mp: 1.5
P0: 494.06492760000003
Q_CMB: 7400000000000.0
T0: 7096.8416529
TL0: 7879.533159657232
XFe: 30.0
alpha_c: 1.2203022754053289e-05
beta: 0.83
chi0: 0.056
dTL_dP: 9.0e-09
dTL_dchi: -21000.0
gamma: 1.2361640555578235
k_c: 163.0
r_IC: 1221000.0
r_IC_0: 2662420.8499496253
r_OC: 3058563.8744749
rho_0: 14754.505048147901
rho_c: 12502.0
