A_rho: 0.5800726252520865
CP: 986.7733559180007
DeltaS: 127.0
Deltarho_ICB: 500.0
FeM: 10.0
H: 0.0
K_c: 1403000000000.0
L_rho: 8216475.603886014
Mp: 1.1
P0: 593.0407452000001
Q_CMB: 7400000000000.0
T0: 6597.7553757
TL0: 8656.458449429329
XFe: 70.0
alpha_c: 1.3664520442983919e-05
beta: 0.83
chi0: 0.056
dTL_dP: 9.0e-09
dTL_dchi: -21000.0
gamma: 1.2516627279328105
k_c: 163.0
r_IC: 1221000.0
r_IC_0: 3881649.615471893
r_OC: 4372397.7888171
rho_0: 15585.500871117036
rho_c: 12502.0
