A_rho: 0.4692976333504588
CP: 1209.40055721099
DeltaS: 127.0
Deltarho_ICB: 500.0
FeM: 0.0
H: 0.0
K_c: 1403000000000.0
L_rho: 7569057.299413154
Mp: 1.0
P0: 359.5943691
Q_CMB: 7400000000000.0
T0: 7114.7416589
TL0: 6690.296247727974
XFe: 25.0
alpha_c: 1.773555381314637e-05
beta: 0.83
chi0: 0.056
dTL_dP: 9.0e-09
dTL_dchi: -21000.0
gamma: 1.2710625823344588
k_c: 163.0
r_IC: 1221000.0
r_IC_0: 0.0
r_OC: 3080925.2765073
rho_0: 13508.995753079142
rho_c: 12502.0
