A_rho: 0.5099699633274241
CP: 1038.925965526702
DeltaS: 127.0
Deltarho_ICB: 500.0
FeM: 5.0
H: 0.0
K_c: 1403000000000.0
L_rho: 8593349.142302783
Mp: 1.5
P0: 801.1766242000001
Q_CMB: 7400000000000.0
T0: 8178.2291264
TL0: 10106.988537056606
XFe: 70.0
alpha_c: 1.2425656266781194e-05
beta: 0.83
chi0: 0.056
dTL_dP: 9.0e-09
dTL_dchi: -21000.0
gamma: 1.2322887316256856
k_c: 163.0
r_IC: 1221000.0
r_IC_0: 4022558.5447862837
r_OC: 4792710.438883901
rho_0: 16838.266461992614
rho_c: 12502.0
