A_rho: 0.4021434244967691
CP: 1168.0989618799326
DeltaS: 127.0
Deltarho_ICB: 500.0
FeM: 5.0
H: 0.0
K_c: 1403000000000.0
L_rho: 7986045.719464147
Mp: 1.4
P0: 515.8780196
Q_CMB: 7400000000000.0
T0: 8098.8023516
TL0: 8056.81574547999
XFe: 30.0
alpha_c: 1.4086098579004845e-05
beta: 0.83
chi0: 0.056
dTL_dP: 9.0e-09
dTL_dchi: -21000.0
gamma: 1.2433359052700816
k_c: 163.0
r_IC: 1221000.0
r_IC_0: 0.0
r_OC: 3459795.8188269995
rho_0: 14804.856999495356
rho_c: 12502.0
