A_rho: 0.6398833185785386
CP: 879.6241807837694
DeltaS: 127.0
Deltarho_ICB: 500.0
FeM: 20.0
H: 0.0
K_c: 1403000000000.0
L_rho: 8304005.370655428
Mp: 1.1
P0: 627.7211177999999
Q_CMB: 7400000000000.0
T0: 5594.062508
TL0: 8913.568065445164
XFe: 80.0
alpha_c: 1.2459634327722399e-05
beta: 0.83
chi0: 0.056
dTL_dP: 9.0e-09
dTL_dchi: -21000.0
gamma: 1.2501672587251864
k_c: 163.0
r_IC: 1221000.0
r_IC_0: 4391738.579091231
r_OC: 4555971.4570608
rho_0: 15936.899628792838
rho_c: 12502.0
