A_rho: 0.47231984949413996
CP: 1129.482204467452
DeltaS: 127.0
Deltarho_ICB: 500.0
FeM: 5.0
H: 0.0
K_c: 1403000000000.0
L_rho: 7876900.748259427
Mp: 1.1
P0: 465.7001443
Q_CMB: 7400000000000.0
T0: 7304.7938561
TL0: 7643.22239077686
XFe: 40.0
alpha_c: 1.5250447674770912e-05
beta: 0.83
chi0: 0.056
dTL_dP: 9.0e-09
dTL_dchi: -21000.0
gamma: 1.256480377183488
k_c: 163.0
r_IC: 1221000.0
r_IC_0: 1844731.3685880043
r_OC: 3601402.9500842
rho_0: 14482.944889147599
rho_c: 12502.0
