A_rho: 0.6135554460698612
CP: 959.3456723616581
DeltaS: 127.0
Deltarho_ICB: 500.0
FeM: 10.0
H: 0.0
K_c: 1403000000000.0
L_rho: 8269797.615382692
Mp: 1.1
P0: 610.7607105000001
Q_CMB: 7400000000000.0
T0: 6367.9666708
TL0: 8788.713889825614
XFe: 75.0
alpha_c: 1.3545911354523306e-05
beta: 0.83
chi0: 0.056
dTL_dP: 9.0e-09
dTL_dchi: -21000.0
gamma: 1.2523139703474573
k_c: 163.0
r_IC: 1221000.0
r_IC_0: 4075024.6577064553
r_OC: 4492473.1137451
rho_0: 15738.335802738602
rho_c: 12502.0
