A_rho: 0.4750915958821228
CP: 950.3887262630609
DeltaS: 127.0
Deltarho_ICB: 500.0
FeM: 20.0
H: 0.0
K_c: 1403000000000.0
L_rho: 8630091.921228215
Mp: 1.6
P0: 851.4976172
Q_CMB: 7400000000000.0
T0: 7476.1998111
TL0: 10429.08445533192
XFe: 70.0
alpha_c: 1.0574145470681571e-05
beta: 0.83
chi0: 0.056
dTL_dP: 9.0e-09
dTL_dchi: -21000.0
gamma: 1.2220237345803568
k_c: 163.0
r_IC: 1221000.0
r_IC_0: 4570408.371400826
r_OC: 4748725.1069882
rho_0: 17218.79474095618
rho_c: 12502.0
