A_rho: 0.5657283015625652
CP: 931.4376844159602
DeltaS: 127.0
Deltarho_ICB: 500.0
FeM: 20.0
H: 0.0
K_c: 1403000000000.0
L_rho: 8193392.124978878
Mp: 1.1
P0: 592.3044071
Q_CMB: 7400000000000.0
T0: 6076.9528982
TL0: 8650.921493810769
XFe: 70.0
alpha_c: 1.2608352442169498e-05
beta: 0.83
chi0: 0.056
dTL_dP: 9.0e-09
dTL_dchi: -21000.0
gamma: 1.2480857044776372
k_c: 163.0
r_IC: 1221000.0
r_IC_0: 4109505.4680699473
r_OC: 4300227.1062112
rho_0: 15636.602715606225
rho_c: 12502.0
