A_rho: 0.6206015120749028
CP: 987.7058310782519
DeltaS: 127.0
Deltarho_ICB: 500.0
FeM: 5.0
H: 0.0
K_c: 1403000000000.0
L_rho: 8278133.369816804
Mp: 1.1
P0: 609.5214315000001
Q_CMB: 7400000000000.0
T0: 6625.3158501
TL0: 8779.525394228966
XFe: 75.0
alpha_c: 1.411132884233162e-05
beta: 0.83
chi0: 0.056
dTL_dP: 9.0e-09
dTL_dchi: -21000.0
gamma: 1.2541645303816369
k_c: 163.0
r_IC: 1221000.0
r_IC_0: 3952187.5068666516
r_OC: 4519429.6091464
rho_0: 15701.46192712219
rho_c: 12502.0
