A_rho: 0.3811564659861406
CP: 1179.956189891544
DeltaS: 127.0
Deltarho_ICB: 500.0
FeM: 0.0
H: 0.0
K_c: 1403000000000.0
L_rho: 8542073.031701263
Mp: 1.8
P0: 797.2287632
Q_CMB: 7400000000000.0
T0: 9922.841109899999
TL0: 10081.30927736836
XFe: 45.0
alpha_c: 1.227013624900045e-05
beta: 0.83
chi0: 0.056
dTL_dP: 9.0e-09
dTL_dchi: -21000.0
gamma: 1.2214042319969474
k_c: 163.0
r_IC: 1221000.0
r_IC_0: 1366021.2983929024
r_OC: 4362044.5050834995
rho_0: 16630.04424973085
rho_c: 12502.0
