A_rho: 0.3400252293137077
CP: 1105.1303150896056
DeltaS: 127.0
Deltarho_ICB: 500.0
FeM: 15.0
H: 0.0
K_c: 1403000000000.0
L_rho: 8039871.791053305
Mp: 1.8
P0: 553.3276661
Q_CMB: 7400000000000.0
T0: 8008.0728659
TL0: 8352.906936731963
XFe: 25.0
alpha_c: 1.181161917461229e-05
beta: 0.83
chi0: 0.056
dTL_dP: 9.0e-09
dTL_dchi: -21000.0
gamma: 1.226957269070758
k_c: 163.0
r_IC: 1221000.0
r_IC_0: 1892364.6834728834
r_OC: 3067616.6779817003
rho_0: 15121.99114018004
rho_c: 12502.0
