A_rho: 0.42103844210615393
CP: 1110.8003376272904
DeltaS: 127.0
Deltarho_ICB: 500.0
FeM: 10.0
H: 0.0
K_c: 1403000000000.0
L_rho: 7950491.907140364
Mp: 1.3
P0: 503.3741998
Q_CMB: 7400000000000.0
T0: 7512.8963745
TL0: 7955.647915276784
XFe: 35.0
alpha_c: 1.3724483261447613e-05
beta: 0.83
chi0: 0.056
dTL_dP: 9.0e-09
dTL_dchi: -21000.0
gamma: 1.2449847227335216
k_c: 163.0
r_IC: 1221000.0
r_IC_0: 2102472.613364977
r_OC: 3481410.0342733003
rho_0: 14778.02245431356
rho_c: 12502.0
