A_rho: 0.40013494471972233
CP: 1203.042289189763
DeltaS: 127.0
Deltarho_ICB: 500.0
FeM: 0.0
H: 0.0
K_c: 1403000000000.0
L_rho: 8187661.662966438
Mp: 1.5
P0: 601.1372976
Q_CMB: 7400000000000.0
T0: 8924.0777887
TL0: 8717.122654924688
XFe: 35.0
alpha_c: 1.3923635694738347e-05
beta: 0.83
chi0: 0.056
dTL_dP: 9.0e-09
dTL_dchi: -21000.0
gamma: 1.2376868062763335
k_c: 163.0
r_IC: 1221000.0
r_IC_0: 0.0
r_OC: 3832683.0482948
rho_0: 15375.376526089663
rho_c: 12502.0
