A_rho: 0.4224338909000785
CP: 1132.7518585410198
DeltaS: 127.0
Deltarho_ICB: 500.0
FeM: 10.0
H: 0.0
K_c: 1403000000000.0
L_rho: 7657011.831101021
Mp: 1.2
P0: 395.4717
Q_CMB: 7400000000000.0
T0: 6971.983042
TL0: 7026.129513281466
XFe: 25.0
alpha_c: 1.5094355609099831e-05
beta: 0.83
chi0: 0.056
dTL_dP: 9.0e-09
dTL_dchi: -21000.0
gamma: 1.256759635333047
k_c: 163.0
r_IC: 1221000.0
r_IC_0: 746323.9935515958
r_OC: 2940379.7726509
rho_0: 13887.423534949197
rho_c: 12502.0
