A_rho: 0.5824555628115542
CP: 938.497047083903
DeltaS: 127.0
Deltarho_ICB: 500.0
FeM: 15.0
H: 0.0
K_c: 1403000000000.0
L_rho: 8357170.926425516
Mp: 1.2
P0: 663.4390336
Q_CMB: 7400000000000.0
T0: 6430.383949100001
TL0: 9171.264939836205
XFe: 75.0
alpha_c: 1.2532146919181986e-05
beta: 0.83
chi0: 0.056
dTL_dP: 9.0e-09
dTL_dchi: -21000.0
gamma: 1.2446525730288414
k_c: 163.0
r_IC: 1221000.0
r_IC_0: 4269059.60498582
r_OC: 4563237.653673001
rho_0: 16109.399789834735
rho_c: 12502.0
