A_rho: 0.4533847591938797
CP: 1136.1604752363148
DeltaS: 127.0
Deltarho_ICB: 500.0
FeM: 10.0
H: 0.0
K_c: 1403000000000.0
L_rho: 7335138.502955761
Mp: 1.0
P0: 299.5589066
Q_CMB: 7400000000000.0
T0: 6218.2061187
TL0: 6089.61822382632
XFe: 20.0
alpha_c: 1.7103448594391257e-05
beta: 0.83
chi0: 0.056
dTL_dP: 9.0e-09
dTL_dchi: -21000.0
gamma: 1.2737816682259735
k_c: 163.0
r_IC: 1221000.0
r_IC_0: 0.0
r_OC: 2507533.5947308
rho_0: 13007.572716664114
rho_c: 12502.0
