A_rho: 0.49438706270575655
CP: 1022.2522770743037
DeltaS: 127.0
Deltarho_ICB: 500.0
FeM: 5.0
H: 0.0
K_c: 1403000000000.0
L_rho: 8866967.484333877
Mp: 1.8
P0: 987.6232518999999
Q_CMB: 7400000000000.0
T0: 8801.431728799998
TL0: 11256.833358166377
XFe: 75.0
alpha_c: 1.1355193114448754e-05
beta: 0.83
chi0: 0.056
dTL_dP: 9.0e-09
dTL_dchi: -21000.0
gamma: 1.220253291754449
k_c: 163.0
r_IC: 1221000.0
r_IC_0: 4476152.794312155
r_OC: 5157670.2925283
rho_0: 17879.229061740345
rho_c: 12502.0
