A_rho: 0.5657588809225765
CP: 1038.3055123569318
DeltaS: 127.0
Deltarho_ICB: 500.0
FeM: 0.0
H: 0.0
K_c: 1403000000000.0
L_rho: 8574791.702265834
Mp: 1.4
P0: 769.2460447000001
Q_CMB: 7400000000000.0
T0: 7920.6090257
TL0: 9897.495874072954
XFe: 75.0
alpha_c: 1.3329338452466512e-05
beta: 0.83
chi0: 0.056
dTL_dP: 9.0e-09
dTL_dchi: -21000.0
gamma: 1.239906124092257
k_c: 163.0
r_IC: 1221000.0
r_IC_0: 4026640.758588343
r_OC: 4859027.7812315
rho_0: 16658.30539497057
rho_c: 12502.0
