A_rho: 0.37195820283328507
CP: 1170.0112592138332
DeltaS: 127.0
Deltarho_ICB: 500.0
FeM: 10.0
H: 0.0
K_c: 1403000000000.0
L_rho: 7594751.832599712
Mp: 1.5
P0: 376.9078387
Q_CMB: 7400000000000.0
T0: 7231.5469208
TL0: 6854.295549403872
XFe: 15.0
alpha_c: 1.4805468480333892e-05
beta: 0.83
chi0: 0.056
dTL_dP: 9.0e-09
dTL_dchi: -21000.0
gamma: 1.2516795253174569
k_c: 163.0
r_IC: 1221000.0
r_IC_0: 0.0
r_OC: 2364410.7064823997
rho_0: 13666.995525079026
rho_c: 12502.0
