A_rho: 0.34455444747340597
CP: 1092.6872104333715
DeltaS: 127.0
Deltarho_ICB: 500.0
FeM: 15.0
H: 0.0
K_c: 1403000000000.0
L_rho: 8169196.206776285
Mp: 1.8
P0: 614.4924467999999
Q_CMB: 7400000000000.0
T0: 8233.964751000001
TL0: 8816.32795810076
XFe: 30.0
alpha_c: 1.139461902561542e-05
beta: 0.83
chi0: 0.056
dTL_dP: 9.0e-09
dTL_dchi: -21000.0
gamma: 1.2228903781507168
k_c: 163.0
r_IC: 1221000.0
r_IC_0: 2427335.4831478084
r_OC: 3387514.1475865003
rho_0: 15564.22061231156
rho_c: 12502.0
