A_rho: 0.4388215069142017
CP: 1206.923969226637
DeltaS: 127.0
Deltarho_ICB: 500.0
FeM: 0.0
H: 0.0
K_c: 1403000000000.0
L_rho: 7855031.2026017085
Mp: 1.2
P0: 457.0129233
Q_CMB: 7400000000000.0
T0: 7889.388790800001
TL0: 7569.459717675989
XFe: 30.0
alpha_c: 1.5896645417519415e-05
beta: 0.83
chi0: 0.056
dTL_dP: 9.0e-09
dTL_dchi: -21000.0
gamma: 1.255854400449546
k_c: 163.0
r_IC: 1221000.0
r_IC_0: 0.0
r_OC: 3435703.0824141004
rho_0: 14325.491273647109
rho_c: 12502.0
