A_rho: 0.5944470400865736
CP: 1049.7190648917997
DeltaS: 127.0
Deltarho_ICB: 500.0
FeM: 0.0
H: 0.0
K_c: 1403000000000.0
L_rho: 8240458.537136737
Mp: 1.1
P0: 593.3852732
Q_CMB: 7400000000000.0
T0: 7152.324979999999
TL0: 8659.048011334506
XFe: 70.0
alpha_c: 1.4886483390765317e-05
beta: 0.83
chi0: 0.056
dTL_dP: 9.0e-09
dTL_dchi: -21000.0
gamma: 1.2555177841145562
k_c: 163.0
r_IC: 1221000.0
r_IC_0: 3531318.503007751
r_OC: 4443786.6382353
rho_0: 15525.270281762887
rho_c: 12502.0
