A_rho: 0.44786983205969727
CP: 1094.596242249214
DeltaS: 127.0
Deltarho_ICB: 500.0
FeM: 10.0
H: 0.0
K_c: 1403000000000.0
L_rho: 7943202.242953854
Mp: 1.2
P0: 497.5141617
Q_CMB: 7400000000000.0
T0: 7281.346024699999
TL0: 7907.815348883922
XFe: 40.0
alpha_c: 1.400900525616822e-05
beta: 0.83
chi0: 0.056
dTL_dP: 9.0e-09
dTL_dchi: -21000.0
gamma: 1.2487326430410128
k_c: 163.0
r_IC: 1221000.0
r_IC_0: 2443413.2967549893
r_OC: 3597110.4252297003
rho_0: 14758.473359793717
rho_c: 12502.0
