A_rho: 0.40645545685593903
CP: 1136.3010069476265
DeltaS: 127.0
Deltarho_ICB: 500.0
FeM: 10.0
H: 0.0
K_c: 1403000000000.0
L_rho: 7742333.243492231
Mp: 1.3
P0: 425.55667130000006
Q_CMB: 7400000000000.0
T0: 7245.162504100001
TL0: 7296.503195513194
XFe: 25.0
alpha_c: 1.4513200926826299e-05
beta: 0.83
chi0: 0.056
dTL_dP: 9.0e-09
dTL_dchi: -21000.0
gamma: 1.2511508465544636
k_c: 163.0
r_IC: 1221000.0
r_IC_0: 734157.6117841018
r_OC: 3000336.708271
rho_0: 14131.938005264261
rho_c: 12502.0
