A_rho: 0.38769878018308224
CP: 999.6885825830964
DeltaS: 127.0
Deltarho_ICB: 500.0
FeM: 20.0
H: 0.0
K_c: 1403000000000.0
L_rho: 8580032.013179407
Mp: 1.8
P0: 846.5974764
Q_CMB: 7400000000000.0
T0: 8253.1283482
TL0: 10398.132655285488
XFe: 55.0
alpha_c: 1.0021210065846409e-05
beta: 0.83
chi0: 0.056
dTL_dP: 9.0e-09
dTL_dchi: -21000.0
gamma: 1.212542838479704
k_c: 163.0
r_IC: 1221000.0
r_IC_0: 4180145.764946482
r_OC: 4395496.2457015
rho_0: 17118.66185296697
rho_c: 12502.0
