A_rho: 0.3699700062883256
CP: 1080.6203855459921
DeltaS: 127.0
Deltarho_ICB: 500.0
FeM: 20.0
H: 0.0
K_c: 1403000000000.0
L_rho: 7555475.568833607
Mp: 1.5
P0: 369.47975660000003
Q_CMB: 7400000000000.0
T0: 6543.663367600001
TL0: 6784.391455674068
XFe: 20.0
alpha_c: 1.3541142643213997e-05
beta: 0.83
chi0: 0.056
dTL_dP: 9.0e-09
dTL_dchi: -21000.0
gamma: 1.2482573145759053
k_c: 163.0
r_IC: 1221000.0
r_IC_0: 1510755.0302815118
r_OC: 2181532.6793446
rho_0: 13695.935380208413
rho_c: 12502.0
