A_rho: 0.4996193215570156
CP: 1099.24823894278
DeltaS: 127.0
Deltarho_ICB: 500.0
FeM: 5.0
H: 0.0
K_c: 1403000000000.0
L_rho: 8009215.3556075245
Mp: 1.1
P0: 513.8830203
Q_CMB: 7400000000000.0
T0: 7306.238342399999
TL0: 8040.754683682024
XFe: 50.0
alpha_c: 1.482079872145078e-05
beta: 0.83
chi0: 0.056
dTL_dP: 9.0e-09
dTL_dchi: -21000.0
gamma: 1.2541663479645577
k_c: 163.0
r_IC: 1221000.0
r_IC_0: 2629382.285063187
r_OC: 3903731.4624024
rho_0: 14889.400375258037
rho_c: 12502.0
