A_rho: 0.4487366929749056
CP: 1025.094120829492
DeltaS: 127.0
Deltarho_ICB: 500.0
FeM: 15.0
H: 0.0
K_c: 1403000000000.0
L_rho: 8304623.966073357
Mp: 1.4
P0: 666.040341
Q_CMB: 7400000000000.0
T0: 7554.5160697
TL0: 9189.766774226811
XFe: 55.0
alpha_c: 1.1958463135250694e-05
beta: 0.83
chi0: 0.056
dTL_dP: 9.0e-09
dTL_dchi: -21000.0
gamma: 1.2328423993091457
k_c: 163.0
r_IC: 1221000.0
r_IC_0: 3690489.1881661424
r_OC: 4182859.2027466004
rho_0: 16011.890430212216
rho_c: 12502.0
