A_rho: 0.3756955836937072
CP: 1259.9949981052423
DeltaS: 127.0
Deltarho_ICB: 500.0
FeM: 0.0
H: 0.0
K_c: 1403000000000.0
L_rho: 7793804.895366908
Mp: 1.5
P0: 438.5137511
Q_CMB: 7400000000000.0
T0: 8297.853829000001
TL0: 7410.082973562073
XFe: 15.0
alpha_c: 1.552888088507213e-05
beta: 0.83
chi0: 0.056
dTL_dP: 9.0e-09
dTL_dchi: -21000.0
gamma: 1.2497337872661427
k_c: 163.0
r_IC: 1221000.0
r_IC_0: 0.0
r_OC: 2915735.1041429
rho_0: 14096.885491156308
rho_c: 12502.0
