A_rho: 0.4037582540438408
CP: 986.1848554068721
DeltaS: 127.0
Deltarho_ICB: 500.0
FeM: 20.0
H: 0.0
K_c: 1403000000000.0
L_rho: 8647417.896002632
Mp: 1.8
P0: 887.2032928
Q_CMB: 7400000000000.0
T0: 8220.872137800001
TL0: 10652.060736102301
XFe: 60.0
alpha_c: 9.947040892391039e-06
beta: 0.83
chi0: 0.056
dTL_dP: 9.0e-09
dTL_dchi: -21000.0
gamma: 1.2121482835449677
k_c: 163.0
r_IC: 1221000.0
r_IC_0: 4372251.761457378
r_OC: 4568545.784212301
rho_0: 17368.362561390284
rho_c: 12502.0
