A_rho: 0.4857041014981579
CP: 1145.5958722501143
DeltaS: 127.0
Deltarho_ICB: 500.0
FeM: 0.0
H: 0.0
K_c: 1403000000000.0
L_rho: 8128650.835987143
Mp: 1.2
P0: 561.927049
Q_CMB: 7400000000000.0
T0: 7992.8000757
TL0: 8419.511265336849
XFe: 50.0
alpha_c: 1.4922993091560953e-05
beta: 0.83
chi0: 0.056
dTL_dP: 9.0e-09
dTL_dchi: -21000.0
gamma: 1.2501991684240799
k_c: 163.0
r_IC: 1221000.0
r_IC_0: 2104261.612297587
r_OC: 4060163.1559812003
rho_0: 15188.239607730278
rho_c: 12502.0
