A_rho: 0.48747129206358236
CP: 1010.1489836726487
DeltaS: 127.0
Deltarho_ICB: 500.0
FeM: 10.0
H: 0.0
K_c: 1403000000000.0
L_rho: 8654569.844494436
Mp: 1.6
P0: 851.7732271
Q_CMB: 7400000000000.0
T0: 8134.0603051
TL0: 10430.822779249438
XFe: 70.0
alpha_c: 1.1526692207658578e-05
beta: 0.83
chi0: 0.056
dTL_dP: 9.0e-09
dTL_dchi: -21000.0
gamma: 1.225804874424027
k_c: 163.0
r_IC: 1221000.0
r_IC_0: 4280746.04297494
r_OC: 4829392.0099203
rho_0: 17156.253604956913
rho_c: 12502.0
