A_rho: 0.6694157574650336
CP: 977.5347383299924
DeltaS: 127.0
Deltarho_ICB: 500.0
FeM: 0.0
H: 0.0
K_c: 1403000000000.0
L_rho: 8339892.433525481
Mp: 1.1
P0: 624.6987596
Q_CMB: 7400000000000.0
T0: 6534.2768304
TL0: 8891.439869803493
XFe: 80.0
alpha_c: 1.4470346219584896e-05
beta: 0.83
chi0: 0.056
dTL_dP: 9.0e-09
dTL_dchi: -21000.0
gamma: 1.2566849021385738
k_c: 163.0
r_IC: 1221000.0
r_IC_0: 4065653.9183321157
r_OC: 4654565.1389387
rho_0: 15818.08684782089
rho_c: 12502.0
