A_rho: 0.502530400978885
CP: 1127.411559994547
DeltaS: 127.0
Deltarho_ICB: 500.0
FeM: 0.0
H: 0.0
K_c: 1403000000000.0
L_rho: 8184497.062055427
Mp: 1.2
P0: 584.1219499
Q_CMB: 7400000000000.0
T0: 7935.9915161
TL0: 8589.16667471652
XFe: 55.0
alpha_c: 1.4769047839735329e-05
beta: 0.83
chi0: 0.056
dTL_dP: 9.0e-09
dTL_dchi: -21000.0
gamma: 1.249689823012627
k_c: 163.0
r_IC: 1221000.0
r_IC_0: 2551798.701189033
r_OC: 4190305.3914782996
rho_0: 15366.569702121004
rho_c: 12502.0
