A_rho: 0.37405802778769404
CP: 1078.9405902807766
DeltaS: 127.0
Deltarho_ICB: 500.0
FeM: 15.0
H: 0.0
K_c: 1403000000000.0
L_rho: 8143291.702286134
Mp: 1.6
P0: 598.2750888999999
Q_CMB: 7400000000000.0
T0: 7919.597932500001
TL0: 8695.7228236689
XFe: 35.0
alpha_c: 1.183121961266914e-05
beta: 0.83
chi0: 0.056
dTL_dP: 9.0e-09
dTL_dchi: -21000.0
gamma: 1.2286448792447795
k_c: 163.0
r_IC: 1221000.0
r_IC_0: 2736328.605588072
r_OC: 3549555.2275853995
rho_0: 15480.116169107912
rho_c: 12502.0
