A_rho: 0.5167797760032674
CP: 1081.8402776627029
DeltaS: 127.0
Deltarho_ICB: 500.0
FeM: 5.0
H: 0.0
K_c: 1403000000000.0
L_rho: 8067795.478950819
Mp: 1.1
P0: 535.8866226
Q_CMB: 7400000000000.0
T0: 7262.3525217999995
TL0: 8216.26174341438
XFe: 55.0
alpha_c: 1.4627180047016732e-05
beta: 0.83
chi0: 0.056
dTL_dP: 9.0e-09
dTL_dchi: -21000.0
gamma: 1.2533529950501525
k_c: 163.0
r_IC: 1221000.0
r_IC_0: 2938365.6907519954
r_OC: 4036713.6870961
rho_0: 15075.39425816714
rho_c: 12502.0
