A_rho: 0.4541784335772255
CP: 1085.2763749314788
DeltaS: 127.0
Deltarho_ICB: 500.0
FeM: 15.0
H: 0.0
K_c: 1403000000000.0
L_rho: 7398982.052542726
Mp: 1.0
P0: 318.568527
Q_CMB: 7400000000000.0
T0: 6027.0837658
TL0: 6285.664419589981
XFe: 25.0
alpha_c: 1.59590152381875e-05
beta: 0.83
chi0: 0.056
dTL_dP: 9.0e-09
dTL_dchi: -21000.0
gamma: 1.269117802815
k_c: 163.0
r_IC: 1221000.0
r_IC_0: 1531365.4300128322
r_OC: 2626346.8479262
rho_0: 13246.330701088511
rho_c: 12502.0
