A_rho: 0.6462162844642728
CP: 986.4846393880134
DeltaS: 127.0
Deltarho_ICB: 500.0
FeM: 0.0
H: 0.0
K_c: 1403000000000.0
L_rho: 8440612.979607396
Mp: 1.2
P0: 678.0806464
Q_CMB: 7400000000000.0
T0: 6881.5683585
TL0: 9274.95068443569
XFe: 80.0
alpha_c: 1.401913984157047e-05
beta: 0.83
chi0: 0.056
dTL_dP: 9.0e-09
dTL_dchi: -21000.0
gamma: 1.2511428623890832
k_c: 163.0
r_IC: 1221000.0
r_IC_0: 4148917.3490567137
r_OC: 4764068.7609813
rho_0: 16156.63525428011
rho_c: 12502.0
