A_rho: 0.39626172502964696
CP: 1040.429553271545
DeltaS: 127.0
Deltarho_ICB: 500.0
FeM: 20.0
H: 0.0
K_c: 1403000000000.0
L_rho: 7943210.335339692
Mp: 1.4
P0: 510.12368849999996
Q_CMB: 7400000000000.0
T0: 7018.4106286
TL0: 8010.407178561034
XFe: 35.0
alpha_c: 1.2260608057724144e-05
beta: 0.83
chi0: 0.056
dTL_dP: 9.0e-09
dTL_dchi: -21000.0
gamma: 1.237625986356946
k_c: 163.0
r_IC: 1221000.0
r_IC_0: 2941669.2764129196
r_OC: 3291354.864625
rho_0: 14897.203266733402
rho_c: 12502.0
