A_rho: 0.4133126700648705
CP: 1123.1903795133226
DeltaS: 127.0
Deltarho_ICB: 500.0
FeM: 10.0
H: 0.0
K_c: 1403000000000.0
L_rho: 7853920.345449909
Mp: 1.3
P0: 466.2895543000001
Q_CMB: 7400000000000.0
T0: 7403.498239399999
TL0: 7648.202760940269
XFe: 30.0
alpha_c: 1.4047730923613757e-05
beta: 0.83
chi0: 0.056
dTL_dP: 9.0e-09
dTL_dchi: -21000.0
gamma: 1.247497385427509
k_c: 163.0
r_IC: 1221000.0
r_IC_0: 1583248.7527967447
r_OC: 3255281.2745312
rho_0: 14478.73232883307
rho_c: 12502.0
