A_rho: 0.3707205986114965
CP: 1193.9728052765727
DeltaS: 127.0
Deltarho_ICB: 500.0
FeM: 0.0
H: 0.0
K_c: 1403000000000.0
L_rho: 8476848.151144523
Mp: 1.8
P0: 759.9929426
Q_CMB: 7400000000000.0
T0: 9887.741453899998
TL0: 9836.002658459418
XFe: 40.0
alpha_c: 1.2411630566971187e-05
beta: 0.83
chi0: 0.056
dTL_dP: 9.0e-09
dTL_dchi: -21000.0
gamma: 1.222411831942617
k_c: 163.0
r_IC: 1221000.0
r_IC_0: 0.0
r_OC: 4200317.7873357
rho_0: 16389.86103565608
rho_c: 12502.0
