A_rho: 0.3485207999268125
CP: 1234.9871117911887
DeltaS: 127.0
Deltarho_ICB: 500.0
FeM: 0.0
H: 0.0
K_c: 1403000000000.0
L_rho: 8228409.882132664
Mp: 1.8
P0: 627.4421832
Q_CMB: 7400000000000.0
T0: 9533.153172
TL0: 8911.528013292633
XFe: 25.0
alpha_c: 1.3159937351596172e-05
beta: 0.83
chi0: 0.056
dTL_dP: 9.0e-09
dTL_dchi: -21000.0
gamma: 1.22856424249306
k_c: 163.0
r_IC: 1221000.0
r_IC_0: 0.0
r_OC: 3603690.797581
rho_0: 15496.46829897401
rho_c: 12502.0
