A_rho: 0.4539018378903338
CP: 1045.3557414812763
DeltaS: 127.0
Deltarho_ICB: 500.0
FeM: 15.0
H: 0.0
K_c: 1403000000000.0
L_rho: 7990813.9133694125
Mp: 1.2
P0: 519.7216258000001
Q_CMB: 7400000000000.0
T0: 6980.9874924999995
TL0: 8087.674616024842
XFe: 45.0
alpha_c: 1.3214636159999872e-05
beta: 0.83
chi0: 0.056
dTL_dP: 9.0e-09
dTL_dchi: -21000.0
gamma: 1.2455799722938203
k_c: 163.0
r_IC: 1221000.0
r_IC_0: 3085093.526241737
r_OC: 3689430.3756631003
rho_0: 14978.783399154234
rho_c: 12502.0
