A_rho: 0.5073529235967187
CP: 944.6597449483485
DeltaS: 127.0
Deltarho_ICB: 500.0
FeM: 20.0
H: 0.0
K_c: 1403000000000.0
L_rho: 8470425.66621171
Mp: 1.4
P0: 745.9146594
Q_CMB: 7400000000000.0
T0: 6938.5013753
TL0: 9741.741980949524
XFe: 70.0
alpha_c: 1.1296788822365275e-05
beta: 0.83
chi0: 0.056
dTL_dP: 9.0e-09
dTL_dchi: -21000.0
gamma: 1.2315971626790063
k_c: 163.0
r_IC: 1221000.0
r_IC_0: 4397502.195151973
r_OC: 4583032.671562
rho_0: 16610.3693486694
rho_c: 12502.0
