A_rho: 0.38277988336847274
CP: 1078.6922400932303
DeltaS: 127.0
Deltarho_ICB: 500.0
FeM: 20.0
H: 0.0
K_c: 1403000000000.0
L_rho: 7480499.817152978
Mp: 1.4
P0: 345.98925180000003
Q_CMB: 7400000000000.0
T0: 6332.852887100001
TL0: 6558.717984697225
XFe: 20.0
alpha_c: 1.4040485278030587e-05
beta: 0.83
chi0: 0.056
dTL_dP: 9.0e-09
dTL_dchi: -21000.0
gamma: 1.2532848385449895
k_c: 163.0
r_IC: 1221000.0
r_IC_0: 1451855.6174441068
r_OC: 2139621.6624886002
rho_0: 13489.259157881275
rho_c: 12502.0
