A_rho: 0.5587825783571648
CP: 1006.7764723563787
DeltaS: 127.0
Deltarho_ICB: 500.0
FeM: 5.0
H: 0.0
K_c: 1403000000000.0
L_rho: 8561524.751873538
Mp: 1.4
P0: 768.9492626
Q_CMB: 7400000000000.0
T0: 7608.839787100001
TL0: 9895.529140062856
XFe: 75.0
alpha_c: 1.2761943060294216e-05
beta: 0.83
chi0: 0.056
dTL_dP: 9.0e-09
dTL_dchi: -21000.0
gamma: 1.2380128664404995
k_c: 163.0
r_IC: 1221000.0
r_IC_0: 4199019.825761802
r_OC: 4823359.4897107
rho_0: 16688.749820179848
rho_c: 12502.0
