A_rho: 0.5523832800502063
CP: 976.5538712707076
DeltaS: 127.0
Deltarho_ICB: 500.0
FeM: 10.0
H: 0.0
K_c: 1403000000000.0
L_rho: 8552837.155199114
Mp: 1.4
P0: 770.8221933
Q_CMB: 7400000000000.0
T0: 7307.6882479000005
TL0: 9907.934631936525
XFe: 75.0
alpha_c: 1.222313379515505e-05
beta: 0.83
chi0: 0.056
dTL_dP: 9.0e-09
dTL_dchi: -21000.0
gamma: 1.2360787119970034
k_c: 163.0
r_IC: 1221000.0
r_IC_0: 4345638.832859726
r_OC: 4794372.1291326
rho_0: 16731.247305799378
rho_c: 12502.0
