A_rho: 0.6035350776162259
CP: 979.407169578535
DeltaS: 127.0
Deltarho_ICB: 500.0
FeM: 10.0
H: 0.0
K_c: 1403000000000.0
L_rho: 8108690.978854751
Mp: 1.0
P0: 542.2761823
Q_CMB: 7400000000000.0
T0: 6258.983479899999
TL0: 8266.568850871787
XFe: 70.0
alpha_c: 1.4208817209307508e-05
beta: 0.83
chi0: 0.056
dTL_dP: 9.0e-09
dTL_dchi: -21000.0
gamma: 1.25789977973477
k_c: 163.0
r_IC: 1221000.0
r_IC_0: 3786653.597628638
r_OC: 4261573.639985399
rho_0: 15236.871774091465
rho_c: 12502.0
