A_rho: 0.46654527400201395
CP: 1090.0066063208137
DeltaS: 127.0
Deltarho_ICB: 500.0
FeM: 10.0
H: 0.0
K_c: 1403000000000.0
L_rho: 7847917.626222224
Mp: 1.1
P0: 458.8827005
Q_CMB: 7400000000000.0
T0: 6969.6541714
TL0: 7585.392927157862
XFe: 40.0
alpha_c: 1.460138472354663e-05
beta: 0.83
chi0: 0.056
dTL_dP: 9.0e-09
dTL_dchi: -21000.0
gamma: 1.2547689752483475
k_c: 163.0
r_IC: 1221000.0
r_IC_0: 2396210.5632880093
r_OC: 3516243.6250557
rho_0: 14468.221571088281
rho_c: 12502.0
