A_rho: 0.6253624947043726
CP: 993.3815445140724
DeltaS: 127.0
Deltarho_ICB: 500.0
FeM: 0.0
H: 0.0
K_c: 1403000000000.0
L_rho: 8538058.364514006
Mp: 1.3
P0: 733.6672525
Q_CMB: 7400000000000.0
T0: 7215.2109891
TL0: 9659.035643561849
XFe: 80.0
alpha_c: 1.3583178690296287e-05
beta: 0.83
chi0: 0.056
dTL_dP: 9.0e-09
dTL_dchi: -21000.0
gamma: 1.2458320850682676
k_c: 163.0
r_IC: 1221000.0
r_IC_0: 4235761.668834227
r_OC: 4872025.482927401
rho_0: 16495.863083627468
rho_c: 12502.0
