A_rho: 0.6449041188742048
CP: 979.0342183142232
DeltaS: 127.0
Deltarho_ICB: 500.0
FeM: 5.0
H: 0.0
K_c: 1403000000000.0
L_rho: 8169560.643288336
Mp: 1.0
P0: 557.4171604
Q_CMB: 7400000000000.0
T0: 6274.5657062
TL0: 8384.643205841168
XFe: 75.0
alpha_c: 1.4635459639179627e-05
beta: 0.83
chi0: 0.056
dTL_dP: 9.0e-09
dTL_dchi: -21000.0
gamma: 1.2602722314179504
k_c: 163.0
r_IC: 1221000.0
r_IC_0: 3860418.74816266
r_OC: 4404736.675072701
rho_0: 15349.952252030967
rho_c: 12502.0
