A_rho: 0.33737491166885997
CP: 1069.2598254289585
DeltaS: 127.0
Deltarho_ICB: 500.0
FeM: 20.0
H: 0.0
K_c: 1403000000000.0
L_rho: 7956441.064542339
Mp: 1.8
P0: 520.4681406999999
Q_CMB: 7400000000000.0
T0: 7505.227310699999
TL0: 8093.655252411735
XFe: 25.0
alpha_c: 1.1520763966746167e-05
beta: 0.83
chi0: 0.056
dTL_dP: 9.0e-09
dTL_dchi: -21000.0
gamma: 1.2274884719387755
k_c: 163.0
r_IC: 1221000.0
r_IC_0: 2376537.1670383867
r_OC: 2825106.5142162996
rho_0: 14921.42276595203
rho_c: 12502.0
