A_rho: 0.457785221865696
CP: 1177.775764127251
DeltaS: 127.0
Deltarho_ICB: 500.0
FeM: 5.0
H: 0.0
K_c: 1403000000000.0
L_rho: 7408139.167433489
Mp: 1.0
P0: 316.73418780000003
Q_CMB: 7400000000000.0
T0: 6604.3245465
TL0: 6266.998777757685
XFe: 20.0
alpha_c: 1.762015531767229e-05
beta: 0.83
chi0: 0.056
dTL_dP: 9.0e-09
dTL_dchi: -21000.0
gamma: 1.2737440292249376
k_c: 163.0
r_IC: 1221000.0
r_IC_0: 0.0
r_OC: 2700746.4361035
rho_0: 13135.870045668735
rho_c: 12502.0
