A_rho: 0.4662566556698007
CP: 1136.9915123490637
DeltaS: 127.0
Deltarho_ICB: 500.0
FeM: 0.0
H: 0.0
K_c: 1403000000000.0
L_rho: 8364927.69205075
Mp: 1.4
P0: 678.2460729
Q_CMB: 7400000000000.0
T0: 8624.920514700001
TL0: 9276.115928446665
XFe: 55.0
alpha_c: 1.3724765995837926e-05
beta: 0.83
chi0: 0.056
dTL_dP: 9.0e-09
dTL_dchi: -21000.0
gamma: 1.238762404068182
k_c: 163.0
r_IC: 1221000.0
r_IC_0: 2597798.90705413
r_OC: 4368736.2463846
rho_0: 15975.165143292335
rho_c: 12502.0
