A_rho: 0.3714677405708221
CP: 1066.2117003578396
DeltaS: 127.0
Deltarho_ICB: 500.0
FeM: 20.0
H: 0.0
K_c: 1403000000000.0
L_rho: 7751420.165961723
Mp: 1.5
P0: 436.80156320000003
Q_CMB: 7400000000000.0
T0: 6867.571916399999
TL0: 7395.168417915765
XFe: 25.0
alpha_c: 1.2737278707337211e-05
beta: 0.83
chi0: 0.056
dTL_dP: 9.0e-09
dTL_dchi: -21000.0
gamma: 1.2410918694764494
k_c: 163.0
r_IC: 1221000.0
r_IC_0: 2211525.0089546447
r_OC: 2692828.242184
rho_0: 14287.138973810717
rho_c: 12502.0
