A_rho: 0.5294542769076965
CP: 1029.361659747758
DeltaS: 127.0
Deltarho_ICB: 500.0
FeM: 10.0
H: 0.0
K_c: 1403000000000.0
L_rho: 8106675.530471564
Mp: 1.1
P0: 553.7506656
Q_CMB: 7400000000000.0
T0: 6876.6888207
TL0: 8356.194861357111
XFe: 60.0
alpha_c: 1.3891508104447742e-05
beta: 0.83
chi0: 0.056
dTL_dP: 9.0e-09
dTL_dchi: -21000.0
gamma: 1.2513264793182992
k_c: 163.0
r_IC: 1221000.0
r_IC_0: 3462421.3433636874
r_OC: 4117718.6657867003
rho_0: 15258.419990468556
rho_c: 12502.0
