A_rho: 0.47161146585993297
CP: 1056.009071251223
DeltaS: 127.0
Deltarho_ICB: 500.0
FeM: 10.0
H: 0.0
K_c: 1403000000000.0
L_rho: 8239392.370249041
Mp: 1.3
P0: 624.3694263
Q_CMB: 7400000000000.0
T0: 7593.3452538
TL0: 8889.025521854343
XFe: 55.0
alpha_c: 1.2960724923914711e-05
beta: 0.83
chi0: 0.056
dTL_dP: 9.0e-09
dTL_dchi: -21000.0
gamma: 1.2399838856610552
k_c: 163.0
r_IC: 1221000.0
r_IC_0: 3374075.7673544753
r_OC: 4164454.0745103997
rho_0: 15708.910579519868
rho_c: 12502.0
