A_rho: 0.44466918393194677
CP: 1170.1812270769037
DeltaS: 127.0
Deltarho_ICB: 500.0
FeM: 5.0
H: 0.0
K_c: 1403000000000.0
L_rho: 7619972.355421664
Mp: 1.1
P0: 379.4191993
Q_CMB: 7400000000000.0
T0: 7064.9444875
TL0: 6877.778030088267
XFe: 25.0
alpha_c: 1.6315423620049387e-05
beta: 0.83
chi0: 0.056
dTL_dP: 9.0e-09
dTL_dchi: -21000.0
gamma: 1.2635166131185187
k_c: 163.0
r_IC: 1221000.0
r_IC_0: 0.0
r_OC: 3024302.4242661
rho_0: 13716.773078869968
rho_c: 12502.0
