A_rho: 0.4762245209262393
CP: 1097.466633906777
DeltaS: 127.0
Deltarho_ICB: 500.0
FeM: 10.0
H: 0.0
K_c: 1403000000000.0
L_rho: 7662961.846361991
Mp: 1.0
P0: 393.8904965
Q_CMB: 7400000000000.0
T0: 6592.1102237
TL0: 7011.647883172862
XFe: 35.0
alpha_c: 1.5570125581053543e-05
beta: 0.83
chi0: 0.056
dTL_dP: 9.0e-09
dTL_dchi: -21000.0
gamma: 1.263295071409418
k_c: 163.0
r_IC: 1221000.0
r_IC_0: 1979814.7013403375
r_OC: 3245089.7375399
rho_0: 13925.811670652673
rho_c: 12502.0
