A_rho: 0.41447807845348
CP: 1224.9842746471847
DeltaS: 127.0
Deltarho_ICB: 500.0
FeM: 0.0
H: 0.0
K_c: 1403000000000.0
L_rho: 7857556.458825822
Mp: 1.3
P0: 459.8644478
Q_CMB: 7400000000000.0
T0: 8100.8611482999995
TL0: 7593.746229571366
XFe: 25.0
alpha_c: 1.564427478199702e-05
beta: 0.83
chi0: 0.056
dTL_dP: 9.0e-09
dTL_dchi: -21000.0
gamma: 1.2526596870700188
k_c: 163.0
r_IC: 1221000.0
r_IC_0: 0.0
r_OC: 3311740.4957272997
rho_0: 14320.864537584008
rho_c: 12502.0
