A_rho: 0.3725110291049453
CP: 1107.9361066655827
DeltaS: 127.0
Deltarho_ICB: 500.0
FeM: 20.0
H: 0.0
K_c: 1403000000000.0
L_rho: 7388025.354488042
Mp: 1.8
P0: 317.6698733
Q_CMB: 7400000000000.0
T0: 6445.1616945
TL0: 6276.526542305452
XFe: 15.0
alpha_c: 1.3911274504357446e-05
beta: 0.83
chi0: 0.056
dTL_dP: 9.0e-09
dTL_dchi: -21000.0
gamma: 1.249582651255203
k_c: 163.0
r_IC: 1221000.0
r_IC_0: 0.0
r_OC: 984826.4055528999
rho_0: 13172.23972007815
rho_c: 12502.0
