A_rho: 0.46051867773799604
CP: 978.8158495313049
DeltaS: 127.0
Deltarho_ICB: 500.0
FeM: 20.0
H: 0.0
K_c: 1403000000000.0
L_rho: 8350680.6881026765
Mp: 1.4
P0: 692.1528302
Q_CMB: 7400000000000.0
T0: 7175.1769205
TL0: 9373.585473594243
XFe: 60.0
alpha_c: 1.1376851097411576e-05
beta: 0.83
chi0: 0.056
dTL_dP: 9.0e-09
dTL_dchi: -21000.0
gamma: 1.2307752522354176
k_c: 163.0
r_IC: 1221000.0
r_IC_0: 4066636.284791774
r_OC: 4282920.4159918
rho_0: 16232.146026725448
rho_c: 12502.0
