A_rho: 0.3701968574107629
CP: 1121.0520451659588
DeltaS: 127.0
Deltarho_ICB: 500.0
FeM: 5.0
H: 0.0
K_c: 1403000000000.0
L_rho: 8570657.300757203
Mp: 1.8
P0: 827.870454
Q_CMB: 7400000000000.0
T0: 9480.625774600001
TL0: 10279.03492704625
XFe: 50.0
alpha_c: 1.1570989349458482e-05
beta: 0.83
chi0: 0.056
dTL_dP: 9.0e-09
dTL_dchi: -21000.0
gamma: 1.218735267567752
k_c: 163.0
r_IC: 1221000.0
r_IC_0: 2901118.1027037795
r_OC: 4449851.667202099
rho_0: 16871.869400932093
rho_c: 12502.0
