A_rho: 0.5054802633136585
CP: 929.0520935781963
DeltaS: 127.0
Deltarho_ICB: 500.0
FeM: 20.0
H: 0.0
K_c: 1403000000000.0
L_rho: 8688799.879032457
Mp: 1.6
P0: 879.0787739
Q_CMB: 7400000000000.0
T0: 7261.8504917
TL0: 10601.712632316472
XFe: 75.0
alpha_c: 1.058129090022458e-05
beta: 0.83
chi0: 0.056
dTL_dP: 9.0e-09
dTL_dchi: -21000.0
gamma: 1.2231926693423165
k_c: 163.0
r_IC: 1221000.0
r_IC_0: 4729194.7313891
r_OC: 4895657.0967884
rho_0: 17400.682743385536
rho_c: 12502.0
