A_rho: 0.39636052960744705
CP: 1076.216028035261
DeltaS: 127.0
Deltarho_ICB: 500.0
FeM: 20.0
H: 0.0
K_c: 1403000000000.0
L_rho: 7401127.430042522
Mp: 1.3
P0: 322.6060505
Q_CMB: 7400000000000.0
T0: 6115.3684985
TL0: 6326.566191157674
XFe: 20.0
alpha_c: 1.458268462283027e-05
beta: 0.83
chi0: 0.056
dTL_dP: 9.0e-09
dTL_dchi: -21000.0
gamma: 1.2586015111864326
k_c: 163.0
r_IC: 1221000.0
r_IC_0: 1391455.6748269293
r_OC: 2095476.8236918
rho_0: 13276.494345760919
rho_c: 12502.0
