A_rho: 0.4477488654786825
CP: 1124.2807721424915
DeltaS: 127.0
Deltarho_ICB: 500.0
FeM: 5.0
H: 0.0
K_c: 1403000000000.0
L_rho: 8134706.475456006
Mp: 1.3
P0: 574.8499476
Q_CMB: 7400000000000.0
T0: 7983.0140549
TL0: 8518.679516861803
XFe: 45.0
alpha_c: 1.3862118453728768e-05
beta: 0.83
chi0: 0.056
dTL_dP: 9.0e-09
dTL_dchi: -21000.0
gamma: 1.2433893882496876
k_c: 163.0
r_IC: 1221000.0
r_IC_0: 2333548.5018919157
r_OC: 3930375.156378
rho_0: 15291.466739664686
rho_c: 12502.0
