A_rho: 0.36562995276318233
CP: 1142.471691909124
DeltaS: 127.0
Deltarho_ICB: 500.0
FeM: 10.0
H: 0.0
K_c: 1403000000000.0
L_rho: 7975916.918295556
Mp: 1.6
P0: 519.0126176
Q_CMB: 7400000000000.0
T0: 8026.3293219
TL0: 8081.990602327167
XFe: 25.0
alpha_c: 1.3006741626423993e-05
beta: 0.83
chi0: 0.056
dTL_dP: 9.0e-09
dTL_dchi: -21000.0
gamma: 1.2359017118180402
k_c: 163.0
r_IC: 1221000.0
r_IC_0: 782554.8924416397
r_OC: 3172576.373505
rho_0: 14841.18047404099
rho_c: 12502.0
