A_rho: 0.42752146603713403
CP: 995.1636674516113
DeltaS: 127.0
Deltarho_ICB: 500.0
FeM: 20.0
H: 0.0
K_c: 1403000000000.0
L_rho: 8364829.313251167
Mp: 1.5
P0: 707.36747
Q_CMB: 7400000000000.0
T0: 7490.188439899999
TL0: 9479.139891408451
XFe: 55.0
alpha_c: 1.1057903690607866e-05
beta: 0.83
chi0: 0.056
dTL_dP: 9.0e-09
dTL_dchi: -21000.0
gamma: 1.226049697907668
k_c: 163.0
r_IC: 1221000.0
r_IC_0: 3962814.593107669
r_OC: 4193491.5309049
rho_0: 16303.559228857266
rho_c: 12502.0
