A_rho: 0.439992283087556
CP: 1128.5679823264416
DeltaS: 127.0
Deltarho_ICB: 500.0
FeM: 10.0
H: 0.0
K_c: 1403000000000.0
L_rho: 7561831.162733091
Mp: 1.1
P0: 364.230602
Q_CMB: 7400000000000.0
T0: 6681.448002
TL0: 6734.580936536929
XFe: 25.0
alpha_c: 1.5751158059693845e-05
beta: 0.83
chi0: 0.056
dTL_dP: 9.0e-09
dTL_dchi: -21000.0
gamma: 1.2629028067402854
k_c: 163.0
r_IC: 1221000.0
r_IC_0: 730850.5169953472
r_OC: 2868677.7834952003
rho_0: 13622.725023753781
rho_c: 12502.0
