A_rho: 0.48707919723584453
CP: 1084.6377643018584
DeltaS: 127.0
Deltarho_ICB: 500.0
FeM: 10.0
H: 0.0
K_c: 1403000000000.0
L_rho: 7741243.672187423
Mp: 1.0
P0: 419.0236693
Q_CMB: 7400000000000.0
T0: 6639.250314600001
TL0: 7238.599866627382
XFe: 40.0
alpha_c: 1.5272633182527327e-05
beta: 0.83
chi0: 0.056
dTL_dP: 9.0e-09
dTL_dchi: -21000.0
gamma: 1.2613971843940457
k_c: 163.0
r_IC: 1221000.0
r_IC_0: 2335157.766993399
r_OC: 3422353.5683949
rho_0: 14154.589142714029
rho_c: 12502.0
