A_rho: 0.37244902370206556
CP: 1132.6848890738731
DeltaS: 127.0
Deltarho_ICB: 500.0
FeM: 15.0
H: 0.0
K_c: 1403000000000.0
L_rho: 7448211.928458806
Mp: 1.5
P0: 334.15945960000005
Q_CMB: 7400000000000.0
T0: 6654.528445100001
TL0: 6442.254843908782
XFe: 15.0
alpha_c: 1.4752183201414842e-05
beta: 0.83
chi0: 0.056
dTL_dP: 9.0e-09
dTL_dchi: -21000.0
gamma: 1.2548825987420222
k_c: 163.0
r_IC: 1221000.0
r_IC_0: 0.0
r_OC: 1924162.9296459998
rho_0: 13316.402297486586
rho_c: 12502.0
