A_rho: 0.3825251439950646
CP: 1042.0410422068906
DeltaS: 127.0
Deltarho_ICB: 500.0
FeM: 20.0
H: 0.0
K_c: 1403000000000.0
L_rho: 8023006.031762528
Mp: 1.5
P0: 545.8397603
Q_CMB: 7400000000000.0
T0: 7267.5405127
TL0: 8294.501225648093
XFe: 35.0
alpha_c: 1.1811763216957298e-05
beta: 0.83
chi0: 0.056
dTL_dP: 9.0e-09
dTL_dchi: -21000.0
gamma: 1.232500136288396
k_c: 163.0
r_IC: 1221000.0
r_IC_0: 3012757.9513472165
r_OC: 3355388.1105091
rho_0: 15154.286584607407
rho_c: 12502.0
