A_rho: 0.414841302356742
CP: 1200.1772263313794
DeltaS: 127.0
Deltarho_ICB: 500.0
FeM: 0.0
H: 0.0
K_c: 1403000000000.0
L_rho: 8109838.6173015265
Mp: 1.4
P0: 563.317781
Q_CMB: 7400000000000.0
T0: 8617.2720588
TL0: 8430.236263114619
XFe: 35.0
alpha_c: 1.4423491991152005e-05
beta: 0.83
chi0: 0.056
dTL_dP: 9.0e-09
dTL_dchi: -21000.0
gamma: 1.2426840985717444
k_c: 163.0
r_IC: 1221000.0
r_IC_0: 0.0
r_OC: 3766670.7669423996
rho_0: 15120.569790402387
rho_c: 12502.0
