A_rho: 0.4207846653642445
CP: 1051.6485782780958
DeltaS: 127.0
Deltarho_ICB: 500.0
FeM: 15.0
H: 0.0
K_c: 1403000000000.0
L_rho: 8163181.91201859
Mp: 1.4
P0: 601.0461169
Q_CMB: 7400000000000.0
T0: 7551.7899228
TL0: 8716.441688642459
XFe: 45.0
alpha_c: 1.2236016989800493e-05
beta: 0.83
chi0: 0.056
dTL_dP: 9.0e-09
dTL_dchi: -21000.0
gamma: 1.234635729025073
k_c: 163.0
r_IC: 1221000.0
r_IC_0: 3218128.3605927336
r_OC: 3838862.3224367998
rho_0: 15543.39794163358
rho_c: 12502.0
