A_rho: 0.44800135763174803
CP: 1192.5340389766363
DeltaS: 127.0
Deltarho_ICB: 500.0
FeM: 0.0
H: 0.0
K_c: 1403000000000.0
L_rho: 7934126.53500335
Mp: 1.2
P0: 486.21718070000003
Q_CMB: 7400000000000.0
T0: 7964.149362
TL0: 7814.82611742921
XFe: 35.0
alpha_c: 1.5577045262469842e-05
beta: 0.83
chi0: 0.056
dTL_dP: 9.0e-09
dTL_dchi: -21000.0
gamma: 1.2537835554228438
k_c: 163.0
r_IC: 1221000.0
r_IC_0: 0.0
r_OC: 3613742.2161402
rho_0: 14571.22997412962
rho_c: 12502.0
