A_rho: 0.3797036218090776
CP: 1244.9018162162693
DeltaS: 127.0
Deltarho_ICB: 500.0
FeM: 0.0
H: 0.0
K_c: 1403000000000.0
L_rho: 7915701.435820015
Mp: 1.5
P0: 484.6951131
Q_CMB: 7400000000000.0
T0: 8524.7762889
TL0: 7802.217709232991
XFe: 20.0
alpha_c: 1.4965759855640221e-05
beta: 0.83
chi0: 0.056
dTL_dP: 9.0e-09
dTL_dchi: -21000.0
gamma: 1.2455072394429443
k_c: 163.0
r_IC: 1221000.0
r_IC_0: 0.0
r_OC: 3200341.2815574
rho_0: 14479.500870343158
rho_c: 12502.0
