A_rho: 0.4148526404611017
CP: 1074.7451335372668
DeltaS: 127.0
Deltarho_ICB: 500.0
FeM: 5.0
H: 0.0
K_c: 1403000000000.0
L_rho: 8886236.100001326
Mp: 2.0
P0: 1033.8619867
Q_CMB: 7400000000000.0
T0: 9824.099328799999
TL0: 11525.238904456935
XFe: 65.0
alpha_c: 1.0769778075709185e-05
beta: 0.83
chi0: 0.056
dTL_dP: 9.0e-09
dTL_dchi: -21000.0
gamma: 1.2106290682148384
k_c: 163.0
r_IC: 1221000.0
r_IC_0: 4005901.153772932
r_OC: 5024051.4864314
rho_0: 18042.546735888085
rho_c: 12502.0
