A_rho: 0.3803759835380971
CP: 988.5508178476393
DeltaS: 127.0
Deltarho_ICB: 500.0
FeM: 20.0
H: 0.0
K_c: 1403000000000.0
L_rho: 8774487.231015349
Mp: 2.0
P0: 985.4371728
Q_CMB: 7400000000000.0
T0: 8701.2881312
TL0: 11243.994353980592
XFe: 60.0
alpha_c: 9.3996858993891e-06
beta: 0.83
chi0: 0.056
dTL_dP: 9.0e-09
dTL_dchi: -21000.0
gamma: 1.2044318091965334
k_c: 163.0
r_IC: 1221000.0
r_IC_0: 4509798.576824954
r_OC: 4695736.7193081
rho_0: 17884.381272527313
rho_c: 12502.0
