A_rho: 0.3523831275209713
CP: 1012.9992266187752
DeltaS: 127.0
Deltarho_ICB: 500.0
FeM: 20.0
H: 0.0
K_c: 1403000000000.0
L_rho: 8631970.041805433
Mp: 2.0
P0: 891.9127030999999
Q_CMB: 7400000000000.0
T0: 8715.826471100001
TL0: 10681.142873214967
XFe: 50.0
alpha_c: 9.522471413977409e-06
beta: 0.83
chi0: 0.056
dTL_dP: 9.0e-09
dTL_dchi: -21000.0
gamma: 1.205251819496136
k_c: 163.0
r_IC: 1221000.0
r_IC_0: 4097109.516825676
r_OC: 4319665.845731299
rho_0: 17346.72443228522
rho_c: 12502.0
