A_rho: 0.37000088034608997
CP: 1034.32650356695
DeltaS: 127.0
Deltarho_ICB: 500.0
FeM: 15.0
H: 0.0
K_c: 1403000000000.0
L_rho: 8731322.865247766
Mp: 2.0
P0: 950.0038362
Q_CMB: 7400000000000.0
T0: 9151.205297499999
TL0: 11033.931265768322
XFe: 55.0
alpha_c: 9.85818501826118e-06
beta: 0.83
chi0: 0.056
dTL_dP: 9.0e-09
dTL_dchi: -21000.0
gamma: 1.2062461472971977
k_c: 163.0
r_IC: 1221000.0
r_IC_0: 4086516.0083969096
r_OC: 4592774.4463704005
rho_0: 17641.617264145294
rho_c: 12502.0
