A_rho: 0.3419286976250711
CP: 1023.9097911014476
DeltaS: 127.0
Deltarho_ICB: 500.0
FeM: 20.0
H: 0.0
K_c: 1403000000000.0
L_rho: 8552761.391648373
Mp: 2.0
P0: 841.1484027
Q_CMB: 7400000000000.0
T0: 8660.644729799998
TL0: 10363.611303432097
XFe: 45.0
alpha_c: 9.636964479846995e-06
beta: 0.83
chi0: 0.056
dTL_dP: 9.0e-09
dTL_dchi: -21000.0
gamma: 1.206382234413184
k_c: 163.0
r_IC: 1221000.0
r_IC_0: 3868489.429417521
r_OC: 4112823.5812512003
rho_0: 17046.02597552906
rho_c: 12502.0
