A_rho: 0.33040999008841593
CP: 1175.1340803647977
DeltaS: 127.0
Deltarho_ICB: 500.0
FeM: 5.0
H: 0.0
K_c: 1403000000000.0
L_rho: 8401109.789871067
Mp: 2.0
P0: 729.7790809999999
Q_CMB: 7400000000000.0
T0: 9707.3561863
TL0: 9632.639132784365
XFe: 30.0
alpha_c: 1.1567331314199e-05
beta: 0.83
chi0: 0.056
dTL_dP: 9.0e-09
dTL_dchi: -21000.0
gamma: 1.216450894973021
k_c: 163.0
r_IC: 1221000.0
r_IC_0: 0.0
r_OC: 3795849.751222
rho_0: 16208.636217521986
rho_c: 12502.0
