A_rho: 0.42718527006025875
CP: 987.6905718272094
DeltaS: 127.0
Deltarho_ICB: 500.0
FeM: 15.0
H: 0.0
K_c: 1403000000000.0
L_rho: 8911828.90264751
Mp: 2.0
P0: 1064.9703937000002
Q_CMB: 7400000000000.0
T0: 8847.3533338
TL0: 11702.551058395755
XFe: 70.0
alpha_c: 9.82908879399783e-06
beta: 0.83
chi0: 0.056
dTL_dP: 9.0e-09
dTL_dchi: -21000.0
gamma: 1.2075160580045574
k_c: 163.0
r_IC: 1221000.0
r_IC_0: 4723885.837318461
r_OC: 5072665.3880522
rho_0: 18300.764768241283
rho_c: 12502.0
