A_rho: 0.503486523364036
CP: 995.8976217790937
DeltaS: 127.0
Deltarho_ICB: 500.0
FeM: 5.0
H: 0.0
K_c: 1403000000000.0
L_rho: 9049769.833165359
Mp: 2.0
P0: 1125.4358316
Q_CMB: 7400000000000.0
T0: 8970.6100574
TL0: 12040.14991549264
XFe: 80.0
alpha_c: 1.0784924218285144e-05
beta: 0.83
chi0: 0.056
dTL_dP: 9.0e-09
dTL_dchi: -21000.0
gamma: 1.2142132172890023
k_c: 163.0
r_IC: 1221000.0
r_IC_0: 4858331.77117885
r_OC: 5427819.626699599
rho_0: 18599.438422703504
rho_c: 12502.0
