A_rho: 0.37944811104173304
CP: 1108.8934358487988
DeltaS: 127.0
Deltarho_ICB: 500.0
FeM: 5.0
H: 0.0
K_c: 1403000000000.0
L_rho: 8773198.367438093
Mp: 2.0
P0: 961.6177652999999
Q_CMB: 7400000000000.0
T0: 10019.3804982
TL0: 11103.19559778074
XFe: 55.0
alpha_c: 1.082611562558617e-05
beta: 0.83
chi0: 0.056
dTL_dP: 9.0e-09
dTL_dchi: -21000.0
gamma: 1.2101407608732733
k_c: 163.0
r_IC: 1221000.0
r_IC_0: 3342596.8630057294
r_OC: 4729937.6587381
rho_0: 17620.476405651836
rho_c: 12502.0
