A_rho: 0.42175691311725677
CP: 957.5076164335638
DeltaS: 127.0
Deltarho_ICB: 500.0
FeM: 20.0
H: 0.0
K_c: 1403000000000.0
L_rho: 8901683.163471347
Mp: 2.0
P0: 1066.723912
Q_CMB: 7400000000000.0
T0: 8477.0778595
TL0: 11712.470500352758
XFe: 70.0
alpha_c: 9.401811255254636e-06
beta: 0.83
chi0: 0.056
dTL_dP: 9.0e-09
dTL_dchi: -21000.0
gamma: 1.2055605141222314
k_c: 163.0
r_IC: 1221000.0
r_IC_0: 4876546.113190003
r_OC: 5033576.561448901
rho_0: 18343.441214988103
rho_c: 12502.0
