A_rho: 0.41989151990336765
CP: 1114.0892975841693
DeltaS: 127.0
Deltarho_ICB: 500.0
FeM: 0.0
H: 0.0
K_c: 1403000000000.0
L_rho: 8899509.420188135
Mp: 2.0
P0: 1033.1559367999998
Q_CMB: 7400000000000.0
T0: 10251.8267528
TL0: 11521.184734643668
XFe: 65.0
alpha_c: 1.132502897104198e-05
beta: 0.83
chi0: 0.056
dTL_dP: 9.0e-09
dTL_dchi: -21000.0
gamma: 1.2128715469117217
k_c: 163.0
r_IC: 1221000.0
r_IC_0: 3594118.5787003967
r_OC: 5070451.0667691
rho_0: 17996.21427437568
rho_c: 12502.0
