A_rho: 0.33731226460761676
CP: 1070.1889240819023
DeltaS: 127.0
Deltarho_ICB: 500.0
FeM: 15.0
H: 0.0
K_c: 1403000000000.0
L_rho: 8499820.199462056
Mp: 2.0
P0: 801.6372809999999
Q_CMB: 7400000000000.0
T0: 9008.2740436
TL0: 10109.980923494624
XFe: 40.0
alpha_c: 1.0208762424813936e-05
beta: 0.83
chi0: 0.056
dTL_dP: 9.0e-09
dTL_dchi: -21000.0
gamma: 1.2094705063530338
k_c: 163.0
r_IC: 1221000.0
r_IC_0: 3275685.0923317103
r_OC: 3998451.3711084
rho_0: 16762.270483031585
rho_c: 12502.0
