A_rho: 0.3747710792714019
CP: 1070.2174442189937
DeltaS: 127.0
Deltarho_ICB: 500.0
FeM: 10.0
H: 0.0
K_c: 1403000000000.0
L_rho: 8751847.20937333
Mp: 2.0
P0: 955.74862
Q_CMB: 7400000000000.0
T0: 9576.432611100001
TL0: 11068.243611347974
XFe: 55.0
alpha_c: 1.032201019617812e-05
beta: 0.83
chi0: 0.056
dTL_dP: 9.0e-09
dTL_dchi: -21000.0
gamma: 1.2081538210614906
k_c: 163.0
r_IC: 1221000.0
r_IC_0: 3774126.36901386
r_OC: 4661268.846657599
rho_0: 17632.06795689576
rho_c: 12502.0
