A_rho: 0.40958364486692445
CP: 1038.9517656460066
DeltaS: 127.0
Deltarho_ICB: 500.0
FeM: 10.0
H: 0.0
K_c: 1403000000000.0
L_rho: 8869211.085386576
Mp: 2.0
P0: 1031.1577638
Q_CMB: 7400000000000.0
T0: 9406.8701082
TL0: 11509.703848383913
XFe: 65.0
alpha_c: 1.0273704485870649e-05
beta: 0.83
chi0: 0.056
dTL_dP: 9.0e-09
dTL_dchi: -21000.0
gamma: 1.2086203304100616
k_c: 163.0
r_IC: 1221000.0
r_IC_0: 4297211.934112609
r_OC: 4970595.3438434005
rho_0: 18068.202805873723
rho_c: 12502.0
