A_rho: 0.32133745403076036
CP: 1057.2444736232
DeltaS: 127.0
Deltarho_ICB: 500.0
FeM: 20.0
H: 0.0
K_c: 1403000000000.0
L_rho: 8230599.627108558
Mp: 2.0
P0: 653.5464248
Q_CMB: 7400000000000.0
T0: 8189.0916799999995
TL0: 9100.580227801975
XFe: 30.0
alpha_c: 1.0378284417195119e-05
beta: 0.83
chi0: 0.056
dTL_dP: 9.0e-09
dTL_dchi: -21000.0
gamma: 1.2144626727123922
k_c: 163.0
r_IC: 1221000.0
r_IC_0: 2944971.8766335933
r_OC: 3296087.7840319998
rho_0: 15855.305974713981
rho_c: 12502.0
