A_rho: 0.3839549632125589
CP: 1151.4112284840637
DeltaS: 127.0
Deltarho_ICB: 500.0
FeM: 0.0
H: 0.0
K_c: 1403000000000.0
L_rho: 8790844.038217919
Mp: 2.0
P0: 964.2272756000001
Q_CMB: 7400000000000.0
T0: 10472.5979692
TL0: 11118.702543001345
XFe: 55.0
alpha_c: 1.1392785646697e-05
beta: 0.83
chi0: 0.056
dTL_dP: 9.0e-09
dTL_dchi: -21000.0
gamma: 1.2123822733368808
k_c: 163.0
r_IC: 1221000.0
r_IC_0: 2684856.072775146
r_OC: 4791049.582687099
rho_0: 17588.017090037243
rho_c: 12502.0
