A_rho: 0.32285883379421054
CP: 1145.1347884435738
DeltaS: 127.0
Deltarho_ICB: 500.0
FeM: 10.0
H: 0.0
K_c: 1403000000000.0
L_rho: 8233060.593861002
Mp: 2.0
P0: 644.2109126
Q_CMB: 7400000000000.0
T0: 8969.2132796
TL0: 9033.398604141246
XFe: 25.0
alpha_c: 1.1468898829889267e-05
beta: 0.83
chi0: 0.056
dTL_dP: 9.0e-09
dTL_dchi: -21000.0
gamma: 1.2189794751437526
k_c: 163.0
r_IC: 1221000.0
r_IC_0: 858061.5005561926
r_OC: 3358717.7481302
rho_0: 15693.81608205923
rho_c: 12502.0
