A_rho: 0.3572109905118763
CP: 1046.7086114825483
DeltaS: 127.0
Deltarho_ICB: 500.0
FeM: 15.0
H: 0.0
K_c: 1403000000000.0
L_rho: 8659303.941356104
Mp: 2.0
P0: 903.3011321
Q_CMB: 7400000000000.0
T0: 9147.4671837
TL0: 10751.163832675596
XFe: 50.0
alpha_c: 9.919521782254384e-06
beta: 0.83
chi0: 0.056
dTL_dP: 9.0e-09
dTL_dchi: -21000.0
gamma: 1.2066657185285794
k_c: 163.0
r_IC: 1221000.0
r_IC_0: 3834797.8967061066
r_OC: 4403648.0899819
rho_0: 17374.307079812494
rho_c: 12502.0
