A_rho: 0.3252836767228001
CP: 1188.1769314484784
DeltaS: 127.0
Deltarho_ICB: 500.0
FeM: 5.0
H: 0.0
K_c: 1403000000000.0
L_rho: 8297283.231599429
Mp: 2.0
P0: 672.2102284
Q_CMB: 7400000000000.0
T0: 9511.0713032
TL0: 9233.510541345402
XFe: 25.0
alpha_c: 1.1886152016087194e-05
beta: 0.83
chi0: 0.056
dTL_dP: 9.0e-09
dTL_dchi: -21000.0
gamma: 1.2194591398223371
k_c: 163.0
r_IC: 1221000.0
r_IC_0: 0.0
r_OC: 3542314.2298455
rho_0: 15829.239304967456
rho_c: 12502.0
