A_rho: 0.33336461228606434
CP: 1222.2292023129476
DeltaS: 127.0
Deltarho_ICB: 500.0
FeM: 0.0
H: 0.0
K_c: 1403000000000.0
L_rho: 8446799.657373939
Mp: 2.0
P0: 748.9679263999999
Q_CMB: 7400000000000.0
T0: 10234.765537000001
TL0: 9762.257809333096
XFe: 30.0
alpha_c: 1.2092486195481023e-05
beta: 0.83
chi0: 0.056
dTL_dP: 9.0e-09
dTL_dchi: -21000.0
gamma: 1.217809337638688
k_c: 163.0
r_IC: 1221000.0
r_IC_0: 0.0
r_OC: 3929571.7720017997
rho_0: 16274.966080548531
rho_c: 12502.0
