A_rho: 0.49797368546534077
CP: 965.9474022316159
DeltaS: 127.0
Deltarho_ICB: 500.0
FeM: 10.0
H: 0.0
K_c: 1403000000000.0
L_rho: 9042110.997562742
Mp: 2.0
P0: 1129.6582398
Q_CMB: 7400000000000.0
T0: 8612.278470799998
TL0: 12063.392479128865
XFe: 80.0
alpha_c: 1.0319861422616351e-05
beta: 0.83
chi0: 0.056
dTL_dP: 9.0e-09
dTL_dchi: -21000.0
gamma: 1.212309170478844
k_c: 163.0
r_IC: 1221000.0
r_IC_0: 5000077.841558967
r_OC: 5401972.8097267
rho_0: 18652.73297403835
rho_c: 12502.0
