A_rho: 0.36148505268488806
CP: 1083.8717523795015
DeltaS: 127.0
Deltarho_ICB: 500.0
FeM: 10.0
H: 0.0
K_c: 1403000000000.0
L_rho: 8684474.285548754
Mp: 2.0
P0: 911.6565934
Q_CMB: 7400000000000.0
T0: 9582.0511486
TL0: 10802.264876218165
XFe: 50.0
alpha_c: 1.0398631184791785e-05
beta: 0.83
chi0: 0.056
dTL_dP: 9.0e-09
dTL_dchi: -21000.0
gamma: 1.2086550933163567
k_c: 163.0
r_IC: 1221000.0
r_IC_0: 3475150.4177065673
r_OC: 4488051.9050764
rho_0: 17375.427963213955
rho_c: 12502.0
