A_rho: 0.3473371261384823
CP: 1194.6559982097633
DeltaS: 127.0
Deltarho_ICB: 500.0
FeM: 0.0
H: 0.0
K_c: 1403000000000.0
L_rho: 8602158.227883121
Mp: 2.0
P0: 842.5680463
Q_CMB: 7400000000000.0
T0: 10450.2089375
TL0: 10372.615550730241
XFe: 40.0
alpha_c: 1.1671547368028821e-05
beta: 0.83
chi0: 0.056
dTL_dP: 9.0e-09
dTL_dchi: -21000.0
gamma: 1.2142245640203617
k_c: 163.0
r_IC: 1221000.0
r_IC_0: 0.0
r_OC: 4307927.2619119
rho_0: 16863.524191198947
rho_c: 12502.0
