A_rho: 0.43283151648993334
CP: 1019.343010533998
DeltaS: 127.0
Deltarho_ICB: 500.0
FeM: 10.0
H: 0.0
K_c: 1403000000000.0
L_rho: 8926734.1377518
Mp: 2.0
P0: 1066.4867132000002
Q_CMB: 7400000000000.0
T0: 9234.4690203
TL0: 11711.129158065154
XFe: 70.0
alpha_c: 1.0278855498089335e-05
beta: 0.83
chi0: 0.056
dTL_dP: 9.0e-09
dTL_dchi: -21000.0
gamma: 1.2094140138330354
k_c: 163.0
r_IC: 1221000.0
r_IC_0: 4542891.845458452
r_OC: 5119183.0179684
rho_0: 18273.151246283596
rho_c: 12502.0
