A_rho: 0.3198674754280869
CP: 1158.8062508472067
DeltaS: 127.0
Deltarho_ICB: 500.0
FeM: 10.0
H: 0.0
K_c: 1403000000000.0
L_rho: 8095610.104199964
Mp: 2.0
P0: 575.9667168
Q_CMB: 7400000000000.0
T0: 8688.165102399998
TL0: 8527.198426062008
XFe: 20.0
alpha_c: 1.1939761148996254e-05
beta: 0.83
chi0: 0.056
dTL_dP: 9.0e-09
dTL_dchi: -21000.0
gamma: 1.2235507231655178
k_c: 163.0
r_IC: 1221000.0
r_IC_0: 0.0
r_OC: 3014060.5214957995
rho_0: 15212.741974733877
rho_c: 12502.0
