A_rho: 0.4500336742729058
CP: 937.6288573807836
DeltaS: 127.0
Deltarho_ICB: 500.0
FeM: 20.0
H: 0.0
K_c: 1403000000000.0
L_rho: 8960984.851600908
Mp: 2.0
P0: 1101.2543606
Q_CMB: 7400000000000.0
T0: 8255.1280626
TL0: 11906.21853207996
XFe: 75.0
alpha_c: 9.444447498751731e-06
beta: 0.83
chi0: 0.056
dTL_dP: 9.0e-09
dTL_dchi: -21000.0
gamma: 1.206936726291205
k_c: 163.0
r_IC: 1221000.0
r_IC_0: 5043191.537735614
r_OC: 5189375.1378305005
rho_0: 18541.291899127194
rho_c: 12502.0
