A_rho: 0.32652738471245524
CP: 1045.78774773408
DeltaS: 127.0
Deltarho_ICB: 500.0
FeM: 20.0
H: 0.0
K_c: 1403000000000.0
L_rho: 8354470.012633142
Mp: 2.0
P0: 721.5811539
Q_CMB: 7400000000000.0
T0: 8398.8809765
TL0: 9576.759540979878
XFe: 35.0
alpha_c: 1.0051530256600214e-05
beta: 0.83
chi0: 0.056
dTL_dP: 9.0e-09
dTL_dchi: -21000.0
gamma: 1.2108888647931217
k_c: 163.0
r_IC: 1221000.0
r_IC_0: 3304740.0751824374
r_OC: 3609571.6230007997
rho_0: 16304.43933341416
rho_c: 12502.0
