A_rho: 0.3173095926005746
CP: 1069.1485810971426
DeltaS: 127.0
Deltarho_ICB: 500.0
FeM: 20.0
H: 0.0
K_c: 1403000000000.0
L_rho: 8082331.048174763
Mp: 2.0
P0: 577.6487204
Q_CMB: 7400000000000.0
T0: 7908.5808240999995
TL0: 8540.01393652454
XFe: 25.0
alpha_c: 1.0830554047510871e-05
beta: 0.83
chi0: 0.056
dTL_dP: 9.0e-09
dTL_dchi: -21000.0
gamma: 1.219367704194089
k_c: 163.0
r_IC: 1221000.0
r_IC_0: 2481588.436226292
r_OC: 2908354.4986913996
rho_0: 15325.198234263942
rho_c: 12502.0
