A_rho: 0.6557653549522896
CP: 917.9588835562516
DeltaS: 127.0
Deltarho_ICB: 500.0
FeM: 15.0
H: 0.0
K_c: 1403000000000.0
L_rho: 8031042.316491673
Mp: 0.9
P0: 505.6080255
Q_CMB: 7400000000000.0
T0: 5465.9980933
TL0: 7973.810369174884
XFe: 75.0
alpha_c: 1.4103789545053044e-05
beta: 0.83
chi0: 0.056
dTL_dP: 9.0e-09
dTL_dchi: -21000.0
gamma: 1.2634989284158593
k_c: 163.0
r_IC: 1221000.0
r_IC_0: 3947029.401245571
r_OC: 4223096.7054509
rho_0: 15033.118913875338
rho_c: 12502.0
