A_rho: 0.5285493264914142
CP: 1034.6784974434024
DeltaS: 127.0
Deltarho_ICB: 500.0
FeM: 15.0
H: 0.0
K_c: 1403000000000.0
L_rho: 7473463.312254502
Mp: 0.8
P0: 335.26740930000005
Q_CMB: 7400000000000.0
T0: 5666.8906413
TL0: 6453.246487950827
XFe: 40.0
alpha_c: 1.6183967850400763e-05
beta: 0.83
chi0: 0.056
dTL_dP: 9.0e-09
dTL_dchi: -21000.0
gamma: 1.2746836962067747
k_c: 163.0
r_IC: 1221000.0
r_IC_0: 2504278.0713282563
r_OC: 3132252.1525808
rho_0: 13474.045347006177
rho_c: 12502.0
