A_rho: 0.6571442550934502
CP: 961.0510752290304
DeltaS: 127.0
Deltarho_ICB: 500.0
FeM: 10.0
H: 0.0
K_c: 1403000000000.0
L_rho: 7857755.625183708
Mp: 0.8
P0: 439.9154953
Q_CMB: 7400000000000.0
T0: 5536.4011086
TL0: 7422.272296979803
XFe: 70.0
alpha_c: 1.5490886703112355e-05
beta: 0.83
chi0: 0.056
dTL_dP: 9.0e-09
dTL_dchi: -21000.0
gamma: 1.2720742931162563
k_c: 163.0
r_IC: 1221000.0
r_IC_0: 3563493.7603087216
r_OC: 4003312.5320577994
rho_0: 14476.699822260274
rho_c: 12502.0
