A_rho: 0.5764162811315058
CP: 1014.935387742489
DeltaS: 127.0
Deltarho_ICB: 500.0
FeM: 10.0
H: 0.0
K_c: 1403000000000.0
L_rho: 7884363.326581866
Mp: 0.9
P0: 459.43497520000005
Q_CMB: 7400000000000.0
T0: 6182.9432598
TL0: 7590.093081083438
XFe: 60.0
alpha_c: 1.5127759924586924e-05
beta: 0.83
chi0: 0.056
dTL_dP: 9.0e-09
dTL_dchi: -21000.0
gamma: 1.2645587816337174
k_c: 163.0
r_IC: 1221000.0
r_IC_0: 3289354.324109931
r_OC: 3900436.1455937997
rho_0: 14570.207030043954
rho_c: 12502.0
