A_rho: 0.5719467973937572
CP: 1074.455488203111
DeltaS: 127.0
Deltarho_ICB: 500.0
FeM: 5.0
H: 0.0
K_c: 1403000000000.0
L_rho: 7661185.673999065
Mp: 0.8
P0: 382.97461450000003
Q_CMB: 7400000000000.0
T0: 6202.7814912
TL0: 6910.894417798219
XFe: 50.0
alpha_c: 1.6935494606105187e-05
beta: 0.83
chi0: 0.056
dTL_dP: 9.0e-09
dTL_dchi: -21000.0
gamma: 1.274934742704101
k_c: 163.0
r_IC: 1221000.0
r_IC_0: 2466835.0574380746
r_OC: 3574698.1833187994
rho_0: 13876.173463259018
rho_c: 12502.0
