A_rho: 0.5364732030144774
CP: 1161.7002239436094
DeltaS: 127.0
Deltarho_ICB: 500.0
FeM: 0.0
H: 0.0
K_c: 1403000000000.0
L_rho: 7497134.368217101
Mp: 0.8
P0: 334.9529561
Q_CMB: 7400000000000.0
T0: 6502.5130008999995
TL0: 6450.128682761143
XFe: 35.0
alpha_c: 1.8621072532216338e-05
beta: 0.83
chi0: 0.056
dTL_dP: 9.0e-09
dTL_dchi: -21000.0
gamma: 1.2809389294736593
k_c: 163.0
r_IC: 1221000.0
r_IC_0: 0.0
r_OC: 3236358.608754
rho_0: 13346.99348107854
rho_c: 12502.0
