A_rho: 0.555875186407631
CP: 1090.9582580323215
DeltaS: 127.0
Deltarho_ICB: 500.0
FeM: 5.0
H: 0.0
K_c: 1403000000000.0
L_rho: 7602011.070314477
Mp: 0.8
P0: 366.1469915
Q_CMB: 7400000000000.0
T0: 6227.202451
TL0: 6752.80612902032
XFe: 45.0
alpha_c: 1.721546852080956e-05
beta: 0.83
chi0: 0.056
dTL_dP: 9.0e-09
dTL_dchi: -21000.0
gamma: 1.276137223268581
k_c: 163.0
r_IC: 1221000.0
r_IC_0: 2161708.410722635
r_OC: 3446455.2934235
rho_0: 13706.055364059393
rho_c: 12502.0
