A_rho: 0.6295808174573565
CP: 970.6311439517776
DeltaS: 127.0
Deltarho_ICB: 500.0
FeM: 10.0
H: 0.0
K_c: 1403000000000.0
L_rho: 7991458.849320334
Mp: 0.9
P0: 491.58132209999997
Q_CMB: 7400000000000.0
T0: 5905.792810399999
TL0: 7859.109351876451
XFe: 70.0
alpha_c: 1.4807459497170914e-05
beta: 0.83
chi0: 0.056
dTL_dP: 9.0e-09
dTL_dchi: -21000.0
gamma: 1.2646392016658357
k_c: 163.0
r_IC: 1221000.0
r_IC_0: 3683079.566474256
r_OC: 4140977.0089698997
rho_0: 14871.188885580448
rho_c: 12502.0
