A_rho: 0.6653985932977537
CP: 988.3898688931696
DeltaS: 127.0
Deltarho_ICB: 500.0
FeM: 5.0
H: 0.0
K_c: 1403000000000.0
L_rho: 7870801.4029882895
Mp: 0.8
P0: 440.9195776000001
Q_CMB: 7400000000000.0
T0: 5758.648485899999
TL0: 7430.9920461021675
XFe: 70.0
alpha_c: 1.6097744333611113e-05
beta: 0.83
chi0: 0.056
dTL_dP: 9.0e-09
dTL_dchi: -21000.0
gamma: 1.2737796010624092
k_c: 163.0
r_IC: 1221000.0
r_IC_0: 3445618.481826734
r_OC: 4038825.8453444
rho_0: 14458.4279057298
rho_c: 12502.0
