A_rho: 0.484058132525352
CP: 1215.190377897215
DeltaS: 127.0
Deltarho_ICB: 500.0
FeM: 0.0
H: 0.0
K_c: 1403000000000.0
L_rho: 7363809.042286461
Mp: 0.9
P0: 301.8570253
Q_CMB: 7400000000000.0
T0: 6651.9127125
TL0: 6113.633183890067
XFe: 20.0
alpha_c: 1.910468298820981e-05
beta: 0.83
chi0: 0.056
dTL_dP: 9.0e-09
dTL_dchi: -21000.0
gamma: 1.2811771242172019
k_c: 163.0
r_IC: 1221000.0
r_IC_0: 0.0
r_OC: 2787951.727018
rho_0: 12961.877942700401
rho_c: 12502.0
