A_rho: 0.5690120750147396
CP: 984.5342173439844
DeltaS: 127.0
Deltarho_ICB: 500.0
FeM: 15.0
H: 0.0
K_c: 1403000000000.0
L_rho: 7868146.89651703
Mp: 0.9
P0: 457.24862300000007
Q_CMB: 7400000000000.0
T0: 5927.3312123999995
TL0: 7571.469959731383
XFe: 60.0
alpha_c: 1.4525443829428718e-05
beta: 0.83
chi0: 0.056
dTL_dP: 9.0e-09
dTL_dchi: -21000.0
gamma: 1.2627802938689985
k_c: 163.0
r_IC: 1221000.0
r_IC_0: 3450016.4294315833
r_OC: 3852186.4682868994
rho_0: 14582.816091697629
rho_c: 12502.0
