A_rho: 0.4985941740115108
CP: 1090.8167293590654
DeltaS: 127.0
Deltarho_ICB: 500.0
FeM: 10.0
H: 0.0
K_c: 1403000000000.0
L_rho: 7548741.128731239
Mp: 0.9
P0: 356.862769
Q_CMB: 7400000000000.0
T0: 6254.9583001
TL0: 6664.074652124585
XFe: 35.0
alpha_c: 1.6332267746252868e-05
beta: 0.83
chi0: 0.056
dTL_dP: 9.0e-09
dTL_dchi: -21000.0
gamma: 1.2704360618303987
k_c: 163.0
r_IC: 1221000.0
r_IC_0: 1926589.0374077046
r_OC: 3148812.0006659
rho_0: 13610.438332696507
rho_c: 12502.0
