A_rho: 0.5487087901950591
CP: 1001.0614955139933
DeltaS: 127.0
Deltarho_ICB: 500.0
FeM: 15.0
H: 0.0
K_c: 1403000000000.0
L_rho: 7808575.150864446
Mp: 0.9
P0: 438.58539890000003
Q_CMB: 7400000000000.0
T0: 5994.1186998
TL0: 7410.706468219598
XFe: 55.0
alpha_c: 1.4686476989926758e-05
beta: 0.83
chi0: 0.056
dTL_dP: 9.0e-09
dTL_dchi: -21000.0
gamma: 1.263225602703281
k_c: 163.0
r_IC: 1221000.0
r_IC_0: 3263799.081317306
r_OC: 3715432.1944402
rho_0: 14412.9475347119
rho_c: 12502.0
