A_rho: 0.7208411142636791
CP: 956.905562949066
DeltaS: 127.0
Deltarho_ICB: 500.0
FeM: 0.0
H: 0.0
K_c: 1403000000000.0
L_rho: 8106766.740248142
Mp: 0.9
P0: 516.8347411000001
Q_CMB: 7400000000000.0
T0: 5805.914736600001
TL0: 8064.507297670832
XFe: 80.0
alpha_c: 1.5515017112305838e-05
beta: 0.83
chi0: 0.056
dTL_dP: 9.0e-09
dTL_dchi: -21000.0
gamma: 1.2691622794452917
k_c: 163.0
r_IC: 1221000.0
r_IC_0: 3866777.192115601
r_OC: 4402163.6331189005
rho_0: 15082.160518188664
rho_c: 12502.0
