A_rho: 0.4888591705567763
CP: 1103.4695702680408
DeltaS: 127.0
Deltarho_ICB: 500.0
FeM: 10.0
H: 0.0
K_c: 1403000000000.0
L_rho: 7459475.17666852
Mp: 0.9
P0: 331.7052938
Q_CMB: 7400000000000.0
T0: 6181.9976307
TL0: 6417.844669849217
XFe: 30.0
alpha_c: 1.673240444540516e-05
beta: 0.83
chi0: 0.056
dTL_dP: 9.0e-09
dTL_dchi: -21000.0
gamma: 1.2729846719379811
k_c: 163.0
r_IC: 1221000.0
r_IC_0: 1480108.824602125
r_OC: 2951376.0973863997
rho_0: 13362.341095277527
rho_c: 12502.0
