A_rho: 0.5071840279771547
CP: 1058.900067463624
DeltaS: 127.0
Deltarho_ICB: 500.0
FeM: 15.0
H: 0.0
K_c: 1403000000000.0
L_rho: 7291362.739771924
Mp: 0.8
P0: 288.2508093
Q_CMB: 7400000000000.0
T0: 5543.1378658
TL0: 5970.126591121979
XFe: 30.0
alpha_c: 1.6998616705239558e-05
beta: 0.83
chi0: 0.056
dTL_dP: 9.0e-09
dTL_dchi: -21000.0
gamma: 1.2798175100946918
k_c: 163.0
r_IC: 1221000.0
r_IC_0: 1887205.051786957
r_OC: 2730375.9922766
rho_0: 12985.960873432245
rho_c: 12502.0
