A_rho: 0.526383788669374
CP: 1066.8699201698728
DeltaS: 127.0
Deltarho_ICB: 500.0
FeM: 20.0
H: 0.0
K_c: 1403000000000.0
L_rho: 6593492.769634655
Mp: 0.8
P0: 150.71095
Q_CMB: 7400000000000.0
T0: 4487.2236014
TL0: 4275.100121058895
XFe: 15.0
alpha_c: 2.0303825154824896e-05
beta: 0.83
chi0: 0.056
dTL_dP: 9.0e-09
dTL_dchi: -21000.0
gamma: 1.3044116690350211
k_c: 163.0
r_IC: 1221000.0
r_IC_0: 0.0
r_OC: 794976.2566883999
rho_0: 11344.862744012169
rho_c: 12502.0
