A_rho: 0.6789281639209116
CP: 997.3434949734092
DeltaS: 127.0
Deltarho_ICB: 500.0
FeM: 0.0
H: 0.0
K_c: 1403000000000.0
L_rho: 8059152.2880697725
Mp: 0.9
P0: 504.5506664
Q_CMB: 7400000000000.0
T0: 6142.515951100001
TL0: 7965.218214287319
XFe: 75.0
alpha_c: 1.583233961038102e-05
beta: 0.83
chi0: 0.056
dTL_dP: 9.0e-09
dTL_dchi: -21000.0
gamma: 1.2686967130925706
k_c: 163.0
r_IC: 1221000.0
r_IC_0: 3632736.7164222784
r_OC: 4305525.4209333
rho_0: 14947.355073320072
rho_c: 12502.0
