A_rho: 0.5363385841868086
CP: 1140.7894133944558
DeltaS: 127.0
Deltarho_ICB: 500.0
FeM: 0.0
H: 0.0
K_c: 1403000000000.0
L_rho: 7749661.584748221
Mp: 0.9
P0: 411.4610351
Q_CMB: 7400000000000.0
T0: 6908.8128126
TL0: 7171.021130652489
XFe: 45.0
alpha_c: 1.7162099302308248e-05
beta: 0.83
chi0: 0.056
dTL_dP: 9.0e-09
dTL_dchi: -21000.0
gamma: 1.270518705196516
k_c: 163.0
r_IC: 1221000.0
r_IC_0: 1611480.4229714281
r_OC: 3626237.4130239
rho_0: 14046.023272407574
rho_c: 12502.0
