A_rho: 0.4745752499028026
CP: 1129.2397341293938
DeltaS: 127.0
Deltarho_ICB: 500.0
FeM: 10.0
H: 0.0
K_c: 1403000000000.0
L_rho: 7226933.110855543
Mp: 0.9
P0: 271.95792739999996
Q_CMB: 7400000000000.0
T0: 5916.2069635
TL0: 5793.888078080456
XFe: 20.0
alpha_c: 1.7928229213200922e-05
beta: 0.83
chi0: 0.056
dTL_dP: 9.0e-09
dTL_dchi: -21000.0
gamma: 1.280807679591137
k_c: 163.0
r_IC: 1221000.0
r_IC_0: 0.0
r_OC: 2432988.2611077004
rho_0: 12738.716247440392
rho_c: 12502.0
