A_rho: 0.47381867251370946
CP: 1184.1995847517605
DeltaS: 127.0
Deltarho_ICB: 500.0
FeM: 5.0
H: 0.0
K_c: 1403000000000.0
L_rho: 7167648.313942304
Mp: 0.9
P0: 256.4801438
Q_CMB: 7400000000000.0
T0: 6105.2048288000005
TL0: 5621.657657919613
XFe: 15.0
alpha_c: 1.9241651769514062e-05
beta: 0.83
chi0: 0.056
dTL_dP: 9.0e-09
dTL_dchi: -21000.0
gamma: 1.2855712101939702
k_c: 163.0
r_IC: 1221000.0
r_IC_0: 0.0
r_OC: 2326414.387949
rho_0: 12519.441150885646
rho_c: 12502.0
