A_rho: 0.5164821587558774
CP: 1190.8828999299499
DeltaS: 127.0
Deltarho_ICB: 500.0
FeM: 0.0
H: 0.0
K_c: 1403000000000.0
L_rho: 7336494.630983151
Mp: 0.8
P0: 293.6457413
Q_CMB: 7400000000000.0
T0: 6384.9218796000005
TL0: 6027.412623338769
XFe: 25.0
alpha_c: 1.950808473871961e-05
beta: 0.83
chi0: 0.056
dTL_dP: 9.0e-09
dTL_dchi: -21000.0
gamma: 1.2856960541941367
k_c: 163.0
r_IC: 1221000.0
r_IC_0: 0.0
r_OC: 2895908.2470907
rho_0: 12912.723204292155
rho_c: 12502.0
