A_rho: 0.5217133016669627
CP: 1002.516579003899
DeltaS: 127.0
Deltarho_ICB: 500.0
FeM: 20.0
H: 0.0
K_c: 1403000000000.0
L_rho: 7441556.122742486
Mp: 0.8
P0: 328.677277
Q_CMB: 7400000000000.0
T0: 5401.0651801
TL0: 6387.60569940785
XFe: 40.0
alpha_c: 1.5597153056724006e-05
beta: 0.83
chi0: 0.056
dTL_dP: 9.0e-09
dTL_dchi: -21000.0
gamma: 1.2734026315295495
k_c: 163.0
r_IC: 1221000.0
r_IC_0: 2714349.5491797575
r_OC: 3041902.4405165003
rho_0: 13443.316630852843
rho_c: 12502.0
