A_rho: 0.6998402076926651
CP: 958.0112010326048
DeltaS: 127.0
Deltarho_ICB: 500.0
FeM: 5.0
H: 0.0
K_c: 1403000000000.0
L_rho: 7916322.138758172
Mp: 0.8
P0: 452.3208924
Q_CMB: 7400000000000.0
T0: 5529.9572225
TL0: 7529.33703877909
XFe: 75.0
alpha_c: 1.586322576620744e-05
beta: 0.83
chi0: 0.056
dTL_dP: 9.0e-09
dTL_dchi: -21000.0
gamma: 1.2741427624085668
k_c: 163.0
r_IC: 1221000.0
r_IC_0: 3642338.382531394
r_OC: 4137835.9095894997
rho_0: 14582.956010061047
rho_c: 12502.0
