A_rho: 0.5628242058048281
CP: 1130.0366383578214
DeltaS: 127.0
Deltarho_ICB: 500.0
FeM: 0.0
H: 0.0
K_c: 1403000000000.0
L_rho: 7624503.8615227
Mp: 0.8
P0: 369.82735710000003
Q_CMB: 7400000000000.0
T0: 6508.108309300001
TL0: 6787.677767926886
XFe: 45.0
alpha_c: 1.799201802931615e-05
beta: 0.83
chi0: 0.056
dTL_dP: 9.0e-09
dTL_dchi: -21000.0
gamma: 1.2780339602964235
k_c: 163.0
r_IC: 1221000.0
r_IC_0: 1633299.0924251839
r_OC: 3511127.0880028
rho_0: 13702.011142651756
rho_c: 12502.0
