A_rho: 0.6111855921324032
CP: 1037.3276310628562
DeltaS: 127.0
Deltarho_ICB: 500.0
FeM: 5.0
H: 0.0
K_c: 1403000000000.0
L_rho: 7769503.583485193
Mp: 0.8
P0: 413.27689480000004
Q_CMB: 7400000000000.0
T0: 6054.6934065
TL0: 7187.302007442616
XFe: 60.0
alpha_c: 1.6530486647376943e-05
beta: 0.83
chi0: 0.056
dTL_dP: 9.0e-09
dTL_dchi: -21000.0
gamma: 1.2739633128231007
k_c: 163.0
r_IC: 1221000.0
r_IC_0: 2994661.602854918
r_OC: 3817224.9388736
rho_0: 14176.154574618557
rho_c: 12502.0
