A_rho: 0.5049017462903442
CP: 1107.5157711067918
DeltaS: 127.0
Deltarho_ICB: 500.0
FeM: 10.0
H: 0.0
K_c: 1403000000000.0
L_rho: 7235183.420688148
Mp: 0.8
P0: 273.01534730000003
Q_CMB: 7400000000000.0
T0: 5741.6630806
TL0: 5805.478898904766
XFe: 25.0
alpha_c: 1.813302806314962e-05
beta: 0.83
chi0: 0.056
dTL_dP: 9.0e-09
dTL_dchi: -21000.0
gamma: 1.283966072093087
k_c: 163.0
r_IC: 1221000.0
r_IC_0: 763893.9338766097
r_OC: 2630888.021846
rho_0: 12779.56847698889
rho_c: 12502.0
