A_rho: 0.47810067618340624
CP: 1229.8598598146016
DeltaS: 127.0
Deltarho_ICB: 500.0
FeM: 0.0
H: 0.0
K_c: 1403000000000.0
L_rho: 7247860.691251726
Mp: 0.9
P0: 273.2820617
Q_CMB: 7400000000000.0
T0: 6497.353021600001
TL0: 5808.399026541047
XFe: 15.0
alpha_c: 1.9810313645541307e-05
beta: 0.83
chi0: 0.056
dTL_dP: 9.0e-09
dTL_dchi: -21000.0
gamma: 1.2853302132482127
k_c: 163.0
r_IC: 1221000.0
r_IC_0: 0.0
r_OC: 2535106.1919766003
rho_0: 12655.027168167566
rho_c: 12502.0
