A_rho: 0.4861351291390385
CP: 1156.7918484116117
DeltaS: 127.0
Deltarho_ICB: 500.0
FeM: 5.0
H: 0.0
K_c: 1403000000000.0
L_rho: 7408255.739792118
Mp: 0.9
P0: 315.6489938
Q_CMB: 7400000000000.0
T0: 6410.9251423
TL0: 6255.9315059093315
XFe: 25.0
alpha_c: 1.786570590461699e-05
beta: 0.83
chi0: 0.056
dTL_dP: 9.0e-09
dTL_dchi: -21000.0
gamma: 1.2770592093647524
k_c: 163.0
r_IC: 1221000.0
r_IC_0: 0.0
r_OC: 2862251.1399224997
rho_0: 13154.775277254761
rho_c: 12502.0
