A_rho: 0.49358511202479743
CP: 1133.974425530377
DeltaS: 127.0
Deltarho_ICB: 500.0
FeM: 10.0
H: 0.0
K_c: 1403000000000.0
L_rho: 6952606.645490371
Mp: 0.8
P0: 212.07392940000003
Q_CMB: 7400000000000.0
T0: 5401.8697634
TL0: 5097.328997858323
XFe: 15.0
alpha_c: 1.9816986556861884e-05
beta: 0.83
chi0: 0.056
dTL_dP: 9.0e-09
dTL_dchi: -21000.0
gamma: 1.2943501697434305
k_c: 163.0
r_IC: 1221000.0
r_IC_0: 0.0
r_OC: 1989315.4611679001
rho_0: 12071.406650038236
rho_c: 12502.0
