A_rho: 0.5416039276909328
CP: 971.0721106304698
DeltaS: 127.0
Deltarho_ICB: 500.0
FeM: 20.0
H: 0.0
K_c: 1403000000000.0
L_rho: 7791018.842320338
Mp: 0.9
P0: 435.7825914
Q_CMB: 7400000000000.0
T0: 5738.1860391
TL0: 7386.278880214132
XFe: 55.0
alpha_c: 1.4110107194816837e-05
beta: 0.83
chi0: 0.056
dTL_dP: 9.0e-09
dTL_dchi: -21000.0
gamma: 1.2615014636572364
k_c: 163.0
r_IC: 1221000.0
r_IC_0: 3415826.1911673723
r_OC: 3660468.4029272995
rho_0: 14419.954429385503
rho_c: 12502.0
