A_rho: 0.5751667998974056
CP: 992.6856786322962
DeltaS: 127.0
Deltarho_ICB: 500.0
FeM: 15.0
H: 0.0
K_c: 1403000000000.0
L_rho: 7682662.847466544
Mp: 0.8
P0: 393.8118383
Q_CMB: 7400000000000.0
T0: 5642.352291300001
TL0: 7010.9267476964205
XFe: 55.0
alpha_c: 1.5417088551119106e-05
beta: 0.83
chi0: 0.056
dTL_dP: 9.0e-09
dTL_dchi: -21000.0
gamma: 1.2707792386273176
k_c: 163.0
r_IC: 1221000.0
r_IC_0: 3158782.9477879177
r_OC: 3597439.4286799
rho_0: 14050.456403753984
rho_c: 12502.0
