A_rho: 0.6134637421521177
CP: 918.7227602915599
DeltaS: 127.0
Deltarho_ICB: 500.0
FeM: 20.0
H: 0.0
K_c: 1403000000000.0
L_rho: 7965212.266887238
Mp: 0.9
P0: 489.48353089999995
Q_CMB: 7400000000000.0
T0: 5446.2746459
TL0: 7841.819248254577
XFe: 70.0
alpha_c: 1.3724361958119723e-05
beta: 0.83
chi0: 0.056
dTL_dP: 9.0e-09
dTL_dchi: -21000.0
gamma: 1.26129675438131
k_c: 163.0
r_IC: 1221000.0
r_IC_0: 3877094.8631691146
r_OC: 4067310.7456238996
rho_0: 14906.649544299105
rho_c: 12502.0
