A_rho: 0.5235862188206307
CP: 1082.1490358174035
DeltaS: 127.0
Deltarho_ICB: 500.0
FeM: 10.0
H: 0.0
K_c: 1403000000000.0
L_rho: 7427521.741466163
Mp: 0.8
P0: 320.9848051
Q_CMB: 7400000000000.0
T0: 5906.2272679
TL0: 6310.172309545197
XFe: 35.0
alpha_c: 1.7164740822410744e-05
beta: 0.83
chi0: 0.056
dTL_dP: 9.0e-09
dTL_dchi: -21000.0
gamma: 1.278042747720597
k_c: 163.0
r_IC: 1221000.0
r_IC_0: 1881178.4640895291
r_OC: 3049911.6871974
rho_0: 13289.635730028514
rho_c: 12502.0
