A_rho: 0.5226530122759242
CP: 1157.0623999040108
DeltaS: 127.0
Deltarho_ICB: 500.0
FeM: 0.0
H: 0.0
K_c: 1403000000000.0
L_rho: 7686003.429775806
Mp: 0.9
P0: 392.0437744
Q_CMB: 7400000000000.0
T0: 6910.973030300001
TL0: 6994.698729955395
XFe: 40.0
alpha_c: 1.7441303168501518e-05
beta: 0.83
chi0: 0.056
dTL_dP: 9.0e-09
dTL_dchi: -21000.0
gamma: 1.2718394793498458
k_c: 163.0
r_IC: 1221000.0
r_IC_0: 925035.4000363116
r_OC: 3487351.7368154
rho_0: 13861.595201017451
rho_c: 12502.0
