A_rho: 0.6442337552146876
CP: 1030.8209354681221
DeltaS: 127.0
Deltarho_ICB: 500.0
FeM: 0.0
H: 0.0
K_c: 1403000000000.0
L_rho: 8010338.141992657
Mp: 0.9
P0: 490.8888213
Q_CMB: 7400000000000.0
T0: 6392.9225297
TL0: 7853.405688232626
XFe: 70.0
alpha_c: 1.6087485126814412e-05
beta: 0.83
chi0: 0.056
dTL_dP: 9.0e-09
dTL_dchi: -21000.0
gamma: 1.2684501882684556
k_c: 163.0
r_IC: 1221000.0
r_IC_0: 3375906.9121813774
r_OC: 4202725.3353687
rho_0: 14807.358224520687
rho_c: 12502.0
