A_rho: 0.5838451213782008
CP: 1047.366662698796
DeltaS: 127.0
Deltarho_ICB: 500.0
FeM: 5.0
H: 0.0
K_c: 1403000000000.0
L_rho: 7901045.852237389
Mp: 0.9
P0: 461.62578269999995
Q_CMB: 7400000000000.0
T0: 6447.0643795000005
TL0: 7608.71108810421
XFe: 60.0
alpha_c: 1.577548897084973e-05
beta: 0.83
chi0: 0.056
dTL_dP: 9.0e-09
dTL_dchi: -21000.0
gamma: 1.2664062566341405
k_c: 163.0
r_IC: 1221000.0
r_IC_0: 3084858.41392903
r_OC: 3948622.2789116
rho_0: 14555.954169274673
rho_c: 12502.0
