A_rho: 0.6004721079034918
CP: 994.5938847960567
DeltaS: 127.0
Deltarho_ICB: 500.0
FeM: 10.0
H: 0.0
K_c: 1403000000000.0
L_rho: 7937942.605528633
Mp: 0.9
P0: 475.8489783
Q_CMB: 7400000000000.0
T0: 6067.7089017
TL0: 7728.55535866083
XFe: 65.0
alpha_c: 1.4970584326550286e-05
beta: 0.83
chi0: 0.056
dTL_dP: 9.0e-09
dTL_dchi: -21000.0
gamma: 1.2644678337060105
k_c: 163.0
r_IC: 1221000.0
r_IC_0: 3490833.8863065736
r_OC: 4022346.5331324
rho_0: 14722.74186333768
rho_c: 12502.0
