A_rho: 0.7421221388701367
CP: 920.3431047023645
DeltaS: 127.0
Deltarho_ICB: 500.0
FeM: 5.0
H: 0.0
K_c: 1403000000000.0
L_rho: 7964437.037229669
Mp: 0.8
P0: 463.70975070000003
Q_CMB: 7400000000000.0
T0: 5222.021092
TL0: 7626.381418521174
XFe: 80.0
alpha_c: 1.5550894290414916e-05
beta: 0.83
chi0: 0.056
dTL_dP: 9.0e-09
dTL_dchi: -21000.0
gamma: 1.2746230000612737
k_c: 163.0
r_IC: 1221000.0
r_IC_0: 3833053.344956264
r_OC: 4236725.0724197
rho_0: 14713.028577409035
rho_c: 12502.0
