A_rho: 0.5353144556915228
CP: 1068.9252339526186
DeltaS: 127.0
Deltarho_ICB: 500.0
FeM: 10.0
H: 0.0
K_c: 1403000000000.0
L_rho: 7506731.124592494
Mp: 0.8
P0: 342.18866139999994
Q_CMB: 7400000000000.0
T0: 5944.246071399999
TL0: 6521.515127574701
XFe: 40.0
alpha_c: 1.6809133418779566e-05
beta: 0.83
chi0: 0.056
dTL_dP: 9.0e-09
dTL_dchi: -21000.0
gamma: 1.2759924251238113
k_c: 163.0
r_IC: 1221000.0
r_IC_0: 2220186.470942297
r_OC: 3222096.0574939
rho_0: 13505.530726748057
rho_c: 12502.0
