A_rho: 0.7076733550553393
CP: 985.2383896444679
DeltaS: 127.0
Deltarho_ICB: 500.0
FeM: 0.0
H: 0.0
K_c: 1403000000000.0
L_rho: 7924497.441181407
Mp: 0.8
P0: 451.6696096
Q_CMB: 7400000000000.0
T0: 5745.1796853
TL0: 7523.751839780273
XFe: 75.0
alpha_c: 1.649093280199544e-05
beta: 0.83
chi0: 0.056
dTL_dP: 9.0e-09
dTL_dchi: -21000.0
gamma: 1.2759192445641194
k_c: 163.0
r_IC: 1221000.0
r_IC_0: 3526085.427137343
r_OC: 4162706.2019793997
rho_0: 14551.567614887284
rho_c: 12502.0
