A_rho: 0.5573197244104228
CP: 1007.7271340332967
DeltaS: 127.0
Deltarho_ICB: 500.0
FeM: 15.0
H: 0.0
K_c: 1403000000000.0
L_rho: 7620618.393014096
Mp: 0.8
P0: 376.1695519
Q_CMB: 7400000000000.0
T0: 5680.745248800001
TL0: 6847.377774370278
XFe: 50.0
alpha_c: 1.5623554051968295e-05
beta: 0.83
chi0: 0.056
dTL_dP: 9.0e-09
dTL_dchi: -21000.0
gamma: 1.271604163280002
k_c: 163.0
r_IC: 1221000.0
r_IC_0: 2965304.738266983
r_OC: 3457414.7283842005
rho_0: 13878.697124656917
rho_c: 12502.0
