A_rho: 0.466397553685294
CP: 1057.7459333654542
DeltaS: 127.0
Deltarho_ICB: 500.0
FeM: 20.0
H: 0.0
K_c: 1403000000000.0
L_rho: 7032436.841472203
Mp: 0.9
P0: 230.9733451
Q_CMB: 7400000000000.0
T0: 5166.332985399999
TL0: 5326.4281663825495
XFe: 20.0
alpha_c: 1.729706922371466e-05
beta: 0.83
chi0: 0.056
dTL_dP: 9.0e-09
dTL_dchi: -21000.0
gamma: 1.2833835888310428
k_c: 163.0
r_IC: 1221000.0
r_IC_0: 1151785.4209909602
r_OC: 1899864.8111830002
rho_0: 12360.836290186962
rho_c: 12502.0
