A_rho: 0.607824032901429
CP: 1025.7133998413588
DeltaS: 127.0
Deltarho_ICB: 500.0
FeM: 5.0
H: 0.0
K_c: 1403000000000.0
L_rho: 7949173.8121330915
Mp: 0.9
P0: 476.10285650000003
Q_CMB: 7400000000000.0
T0: 6318.9221055
TL0: 7730.678630708953
XFe: 65.0
alpha_c: 1.561371666105869e-05
beta: 0.83
chi0: 0.056
dTL_dP: 9.0e-09
dTL_dchi: -21000.0
gamma: 1.2664023491286527
k_c: 163.0
r_IC: 1221000.0
r_IC_0: 3317788.8256454905
r_OC: 4058884.1480723
rho_0: 14694.291475128164
rho_c: 12502.0
