A_rho: 0.4979440036069909
CP: 1120.2695069240963
DeltaS: 127.0
Deltarho_ICB: 500.0
FeM: 10.0
H: 0.0
K_c: 1403000000000.0
L_rho: 7112245.799893281
Mp: 0.8
P0: 245.1296651
Q_CMB: 7400000000000.0
T0: 5603.4783294
TL0: 5492.127215905998
XFe: 20.0
alpha_c: 1.8827539687436042e-05
beta: 0.83
chi0: 0.056
dTL_dP: 9.0e-09
dTL_dchi: -21000.0
gamma: 1.2882792615423175
k_c: 163.0
r_IC: 1221000.0
r_IC_0: 0.0
r_OC: 2358018.1882235003
rho_0: 12465.355713499666
rho_c: 12502.0
