A_rho: 0.5677163971646813
CP: 963.4737460667868
DeltaS: 127.0
Deltarho_ICB: 500.0
FeM: 20.0
H: 0.0
K_c: 1403000000000.0
L_rho: 7665494.482770381
Mp: 0.8
P0: 391.2592303
Q_CMB: 7400000000000.0
T0: 5403.5391665
TL0: 6987.486493529526
XFe: 55.0
alpha_c: 1.4824462199882241e-05
beta: 0.83
chi0: 0.056
dTL_dP: 9.0e-09
dTL_dchi: -21000.0
gamma: 1.269084969052416
k_c: 163.0
r_IC: 1221000.0
r_IC_0: 3300484.6769711985
r_OC: 3544206.0630734
rho_0: 14057.134801855376
rho_c: 12502.0
