A_rho: 0.5451897223102914
CP: 1084.519976626829
DeltaS: 127.0
Deltarho_ICB: 500.0
FeM: 5.0
H: 0.0
K_c: 1403000000000.0
L_rho: 7789267.736130917
Mp: 0.9
P0: 426.8423181
Q_CMB: 7400000000000.0
T0: 6586.8233836
TL0: 7307.847254181873
XFe: 50.0
alpha_c: 1.616783127005968e-05
beta: 0.83
chi0: 0.056
dTL_dP: 9.0e-09
dTL_dchi: -21000.0
gamma: 1.2675177120658334
k_c: 163.0
r_IC: 1221000.0
r_IC_0: 2533154.3441888643
r_OC: 3698137.5977757997
rho_0: 14231.646242802248
rho_c: 12502.0
