A_rho: 0.6413079287998591
CP: 910.1497130463978
DeltaS: 127.0
Deltarho_ICB: 500.0
FeM: 20.0
H: 0.0
K_c: 1403000000000.0
L_rho: 7836339.383228447
Mp: 0.8
P0: 439.07994460000003
Q_CMB: 7400000000000.0
T0: 5109.918619399999
TL0: 7415.008765315482
XFe: 70.0
alpha_c: 1.4371006572186221e-05
beta: 0.83
chi0: 0.056
dTL_dP: 9.0e-09
dTL_dchi: -21000.0
gamma: 1.268706596477849
k_c: 163.0
r_IC: 1221000.0
r_IC_0: 3749687.2329242183
r_OC: 3937777.0620600996
rho_0: 14519.819438147906
rho_c: 12502.0
