A_rho: 0.4991348082759181
CP: 1070.9509801606619
DeltaS: 127.0
Deltarho_ICB: 500.0
FeM: 15.0
H: 0.0
K_c: 1403000000000.0
L_rho: 7174010.925796649
Mp: 0.8
P0: 260.3974251
Q_CMB: 7400000000000.0
T0: 5426.049388699999
TL0: 5665.7134706723755
XFe: 25.0
alpha_c: 1.7595161761102235e-05
beta: 0.83
chi0: 0.056
dTL_dP: 9.0e-09
dTL_dchi: -21000.0
gamma: 1.2837171425986156
k_c: 163.0
r_IC: 1221000.0
r_IC_0: 1426858.063396641
r_OC: 2469584.2853429
rho_0: 12681.15679851107
rho_c: 12502.0
