A_rho: 0.46908584344465765
CP: 1106.5055997890856
DeltaS: 127.0
Deltarho_ICB: 500.0
FeM: 15.0
H: 0.0
K_c: 1403000000000.0
L_rho: 6932965.091079305
Mp: 0.9
P0: 209.45192519999998
Q_CMB: 7400000000000.0
T0: 5269.4704992
TL0: 5064.775013842612
XFe: 15.0
alpha_c: 1.8757506293691047e-05
beta: 0.83
chi0: 0.056
dTL_dP: 9.0e-09
dTL_dchi: -21000.0
gamma: 1.2897099584142078
k_c: 163.0
r_IC: 1221000.0
r_IC_0: 0.0
r_OC: 1677049.1481092
rho_0: 12059.901696902953
rho_c: 12502.0
