A_rho: 0.4934543751460917
CP: 1037.2477937972178
DeltaS: 127.0
Deltarho_ICB: 500.0
FeM: 20.0
H: 0.0
K_c: 1403000000000.0
L_rho: 7101707.6407409245
Mp: 0.8
P0: 245.56273739999997
Q_CMB: 7400000000000.0
T0: 5109.018953
TL0: 5497.122111461889
XFe: 25.0
alpha_c: 1.7164032982674924e-05
beta: 0.83
chi0: 0.056
dTL_dP: 9.0e-09
dTL_dchi: -21000.0
gamma: 1.2840291949941613
k_c: 163.0
r_IC: 1221000.0
r_IC_0: 1751433.7381451577
r_OC: 2276641.6276615
rho_0: 12552.51476329847
rho_c: 12502.0
