A_rho: 0.6494488597928346
CP: 934.6294761468869
DeltaS: 127.0
Deltarho_ICB: 500.0
FeM: 15.0
H: 0.0
K_c: 1403000000000.0
L_rho: 7848731.143129938
Mp: 0.8
P0: 440.1012537
Q_CMB: 7400000000000.0
T0: 5320.5293665
TL0: 7423.886205262363
XFe: 70.0
alpha_c: 1.4905970034842945e-05
beta: 0.83
chi0: 0.056
dTL_dP: 9.0e-09
dTL_dchi: -21000.0
gamma: 1.2703124865258775
k_c: 163.0
r_IC: 1221000.0
r_IC_0: 3668001.962913668
r_OC: 3973437.6910749
rho_0: 14504.039005258473
rho_c: 12502.0
