A_rho: 0.6761162718102814
CP: 885.7190383198857
DeltaS: 127.0
Deltarho_ICB: 500.0
FeM: 20.0
H: 0.0
K_c: 1403000000000.0
L_rho: 7889781.624532447
Mp: 0.8
P0: 452.95252130000006
Q_CMB: 7400000000000.0
T0: 4920.4194306
TL0: 7534.749967683647
XFe: 75.0
alpha_c: 1.4221901444047717e-05
beta: 0.83
chi0: 0.056
dTL_dP: 9.0e-09
dTL_dchi: -21000.0
gamma: 1.269243508332655
k_c: 163.0
r_IC: 1221000.0
r_IC_0: 3885887.369888697
r_OC: 4058250.8806629
rho_0: 14658.672497713696
rho_c: 12502.0
