A_rho: 0.6723054139569674
CP: 970.065166993453
DeltaS: 127.0
Deltarho_ICB: 500.0
FeM: 5.0
H: 0.0
K_c: 1403000000000.0
L_rho: 8047066.36260499
Mp: 0.9
P0: 504.30566860000005
Q_CMB: 7400000000000.0
T0: 5912.205958
TL0: 7963.22610364263
XFe: 75.0
alpha_c: 1.522936998363859e-05
beta: 0.83
chi0: 0.056
dTL_dP: 9.0e-09
dTL_dchi: -21000.0
gamma: 1.2669449546124625
k_c: 163.0
r_IC: 1221000.0
r_IC_0: 3753499.7999733025
r_OC: 4274356.766480001
rho_0: 14972.534485524942
rho_c: 12502.0
