A_rho: 0.49131734058745125
CP: 1097.6495338500297
DeltaS: 127.0
Deltarho_ICB: 500.0
FeM: 15.0
H: 0.0
K_c: 1403000000000.0
L_rho: 6821827.136497133
Mp: 0.8
P0: 188.4671508
Q_CMB: 7400000000000.0
T0: 4998.108830300001
TL0: 4796.761018874413
XFe: 15.0
alpha_c: 1.969243568897334e-05
beta: 0.83
chi0: 0.056
dTL_dP: 9.0e-09
dTL_dchi: -21000.0
gamma: 1.2971269116534694
k_c: 163.0
r_IC: 1221000.0
r_IC_0: 0.0
r_OC: 1621140.1782274
rho_0: 11817.063852151476
rho_c: 12502.0
