A_rho: 0.4892685312088134
CP: 1049.9353629340278
DeltaS: 127.0
Deltarho_ICB: 500.0
FeM: 20.0
H: 0.0
K_c: 1403000000000.0
L_rho: 6919346.269219656
Mp: 0.8
P0: 207.7198125
Q_CMB: 7400000000000.0
T0: 4897.0064608
TL0: 5043.161129659999
XFe: 20.0
alpha_c: 1.8182186294865568e-05
beta: 0.83
chi0: 0.056
dTL_dP: 9.0e-09
dTL_dchi: -21000.0
gamma: 1.2908967210664541
k_c: 163.0
r_IC: 1221000.0
r_IC_0: 1080669.0436199694
r_OC: 1836439.8453505002
rho_0: 12102.196826279942
rho_c: 12502.0
