A_rho: 0.6203563783823586
CP: 956.9057820030752
DeltaS: 127.0
Deltarho_ICB: 500.0
FeM: 15.0
H: 0.0
K_c: 1403000000000.0
L_rho: 7795214.789274861
Mp: 0.8
P0: 425.5479098
Q_CMB: 7400000000000.0
T0: 5468.2877044
TL0: 7296.425830387322
XFe: 65.0
alpha_c: 1.5071837990245019e-05
beta: 0.83
chi0: 0.056
dTL_dP: 9.0e-09
dTL_dchi: -21000.0
gamma: 1.2701672313415984
k_c: 163.0
r_IC: 1221000.0
r_IC_0: 3506580.0595279783
r_OC: 3853161.0330713997
rho_0: 14359.766668371052
rho_c: 12502.0
