A_rho: 0.6436959765357528
CP: 1046.9571728316187
DeltaS: 127.0
Deltarho_ICB: 500.0
FeM: 0.0
H: 0.0
K_c: 1403000000000.0
L_rho: 7831681.336977085
Mp: 0.8
P0: 427.616637
Q_CMB: 7400000000000.0
T0: 6170.9491197
TL0: 7314.671554949031
XFe: 65.0
alpha_c: 1.7028294836876102e-05
beta: 0.83
chi0: 0.056
dTL_dP: 9.0e-09
dTL_dchi: -21000.0
gamma: 1.2757321726419024
k_c: 163.0
r_IC: 1221000.0
r_IC_0: 3026301.4391329326
r_OC: 3964919.0590686006
rho_0: 14289.958167850058
rho_c: 12502.0
