A_rho: 0.5629651098456339
CP: 1067.1682534429253
DeltaS: 127.0
Deltarho_ICB: 500.0
FeM: 5.0
H: 0.0
K_c: 1403000000000.0
L_rho: 7845122.474284985
Mp: 0.9
P0: 444.2090965
Q_CMB: 7400000000000.0
T0: 6532.356288800001
TL0: 7459.49195609377
XFe: 55.0
alpha_c: 1.597032427820563e-05
beta: 0.83
chi0: 0.056
dTL_dP: 9.0e-09
dTL_dchi: -21000.0
gamma: 1.2668691263611835
k_c: 163.0
r_IC: 1221000.0
r_IC_0: 2817908.050353166
r_OC: 3824156.5014782995
rho_0: 14393.799556832208
rho_c: 12502.0
