A_rho: 0.7052293610889905
CP: 908.748997865609
DeltaS: 127.0
Deltarho_ICB: 500.0
FeM: 10.0
H: 0.0
K_c: 1403000000000.0
L_rho: 8089149.766371495
Mp: 0.9
P0: 517.7936103999999
Q_CMB: 7400000000000.0
T0: 5385.1758185
TL0: 8072.209191512812
XFe: 80.0
alpha_c: 1.4430882864069506e-05
beta: 0.83
chi0: 0.056
dTL_dP: 9.0e-09
dTL_dchi: -21000.0
gamma: 1.265980037689331
k_c: 163.0
r_IC: 1221000.0
r_IC_0: 4028418.154721548
r_OC: 4355675.2129048
rho_0: 15136.415602568737
rho_c: 12502.0
