A_rho: 0.6838687049191008
CP: 908.7452091391092
DeltaS: 127.0
Deltarho_ICB: 500.0
FeM: 15.0
H: 0.0
K_c: 1403000000000.0
L_rho: 7897310.604728666
Mp: 0.8
P0: 452.3971704
Q_CMB: 7400000000000.0
T0: 5118.5197166
TL0: 7529.990919988766
XFe: 75.0
alpha_c: 1.4741675339151745e-05
beta: 0.83
chi0: 0.056
dTL_dP: 9.0e-09
dTL_dchi: -21000.0
gamma: 1.2708657502994833
k_c: 163.0
r_IC: 1221000.0
r_IC_0: 3815331.8389779762
r_OC: 4083231.9621989997
rho_0: 14631.536296528693
rho_c: 12502.0
