A_rho: 0.5230817873313504
CP: 1063.8532927715564
DeltaS: 127.0
Deltarho_ICB: 500.0
FeM: 10.0
H: 0.0
K_c: 1403000000000.0
L_rho: 7700353.079103309
Mp: 0.9
P0: 402.1207496
Q_CMB: 7400000000000.0
T0: 6314.1017554
TL0: 7086.720480532359
XFe: 45.0
alpha_c: 1.5730208225078124e-05
beta: 0.83
chi0: 0.056
dTL_dP: 9.0e-09
dTL_dchi: -21000.0
gamma: 1.2668996987338514
k_c: 163.0
r_IC: 1221000.0
r_IC_0: 2575044.9522081297
r_OC: 3485857.0254379
rho_0: 14041.003871270928
rho_c: 12502.0
