A_rho: 0.5789333232614472
CP: 1112.4305807350859
DeltaS: 127.0
Deltarho_ICB: 500.0
FeM: 0.0
H: 0.0
K_c: 1403000000000.0
L_rho: 7680504.101328359
Mp: 0.8
P0: 385.5203688
Q_CMB: 7400000000000.0
T0: 6470.8305149
TL0: 6934.514948255365
XFe: 50.0
alpha_c: 1.773221984802068e-05
beta: 0.83
chi0: 0.056
dTL_dP: 9.0e-09
dTL_dchi: -21000.0
gamma: 1.277081344375255
k_c: 163.0
r_IC: 1221000.0
r_IC_0: 2066629.596896832
r_OC: 3633564.6587265
rho_0: 13860.297554555722
rho_c: 12502.0
