A_rho: 0.49691413479095164
CP: 1009.8101916777036
DeltaS: 127.0
Deltarho_ICB: 500.0
FeM: 20.0
H: 0.0
K_c: 1403000000000.0
L_rho: 7562933.397388095
Mp: 0.9
P0: 365.6335547
Q_CMB: 7400000000000.0
T0: 5720.773281700001
TL0: 6747.927803315551
XFe: 40.0
alpha_c: 1.4823211390995026e-05
beta: 0.83
chi0: 0.056
dTL_dP: 9.0e-09
dTL_dchi: -21000.0
gamma: 1.2657450641521453
k_c: 163.0
r_IC: 1221000.0
r_IC_0: 2812725.2877486786
r_OC: 3140505.4363391004
rho_0: 13772.246080812702
rho_c: 12502.0
