A_rho: 0.4976606799338368
CP: 1174.4049132684133
DeltaS: 127.0
Deltarho_ICB: 500.0
FeM: 5.0
H: 0.0
K_c: 1403000000000.0
L_rho: 7050930.044798141
Mp: 0.8
P0: 230.6293982
Q_CMB: 7400000000000.0
T0: 5780.023843399999
TL0: 5322.341871019039
XFe: 15.0
alpha_c: 2.021081419010799e-05
beta: 0.83
chi0: 0.056
dTL_dP: 9.0e-09
dTL_dchi: -21000.0
gamma: 1.2931223693876597
k_c: 163.0
r_IC: 1221000.0
r_IC_0: 0.0
r_OC: 2248705.0526137995
rho_0: 12249.327297668016
rho_c: 12502.0
