A_rho: 0.6367169712689472
CP: 999.77486507304
DeltaS: 127.0
Deltarho_ICB: 500.0
FeM: 5.0
H: 0.0
K_c: 1403000000000.0
L_rho: 8000511.742116554
Mp: 0.9
P0: 491.2883027
Q_CMB: 7400000000000.0
T0: 6145.506679
TL0: 7856.6964239346935
XFe: 70.0
alpha_c: 1.542409278730666e-05
beta: 0.83
chi0: 0.056
dTL_dP: 9.0e-09
dTL_dchi: -21000.0
gamma: 1.266505604028622
k_c: 163.0
r_IC: 1221000.0
r_IC_0: 3546433.3799856347
r_OC: 4171820.0829647
rho_0: 14840.48156249009
rho_c: 12502.0
