A_rho: 0.5107029139118424
CP: 1147.24157117481
DeltaS: 127.0
Deltarho_ICB: 500.0
FeM: 5.0
H: 0.0
K_c: 1403000000000.0
L_rho: 7289686.759219143
Mp: 0.8
P0: 284.23525939999996
Q_CMB: 7400000000000.0
T0: 6061.7775089
TL0: 5927.149195344054
XFe: 25.0
alpha_c: 1.8763704964900345e-05
beta: 0.83
chi0: 0.056
dTL_dP: 9.0e-09
dTL_dchi: -21000.0
gamma: 1.2846058954822228
k_c: 163.0
r_IC: 1221000.0
r_IC_0: 0.0
r_OC: 2772833.0629051
rho_0: 12857.964931493994
rho_c: 12502.0
