A_rho: 0.5244796343141531
CP: 984.8775389227494
DeltaS: 127.0
Deltarho_ICB: 500.0
FeM: 20.0
H: 0.0
K_c: 1403000000000.0
L_rho: 7722588.510524038
Mp: 0.9
P0: 414.2529841
Q_CMB: 7400000000000.0
T0: 5762.215505300001
TL0: 7196.039222577274
XFe: 50.0
alpha_c: 1.4299280193336687e-05
beta: 0.83
chi0: 0.056
dTL_dP: 9.0e-09
dTL_dchi: -21000.0
gamma: 1.2624337218820862
k_c: 163.0
r_IC: 1221000.0
r_IC_0: 3235880.2477890747
r_OC: 3503557.2496403
rho_0: 14224.820429259391
rho_c: 12502.0
