A_rho: 0.49461544785883715
CP: 1143.2205376818101
DeltaS: 127.0
Deltarho_ICB: 500.0
FeM: 5.0
H: 0.0
K_c: 1403000000000.0
L_rho: 7504468.950866683
Mp: 0.9
P0: 341.8793105
Q_CMB: 7400000000000.0
T0: 6508.3800263
TL0: 6518.47818383835
XFe: 30.0
alpha_c: 1.7377816869258647e-05
beta: 0.83
chi0: 0.056
dTL_dP: 9.0e-09
dTL_dchi: -21000.0
gamma: 1.2740472020162434
k_c: 163.0
r_IC: 1221000.0
r_IC_0: 317875.9267769045
r_OC: 3071263.4838723
rho_0: 13419.365836401683
rho_c: 12502.0
