A_rho: 0.519591743938622
CP: 1133.9992991943443
DeltaS: 127.0
Deltarho_ICB: 500.0
FeM: 5.0
H: 0.0
K_c: 1403000000000.0
L_rho: 7380601.816655902
Mp: 0.8
P0: 306.7802135
Q_CMB: 7400000000000.0
T0: 6143.1410475
TL0: 6164.783044884736
XFe: 30.0
alpha_c: 1.8273309170770514e-05
beta: 0.83
chi0: 0.056
dTL_dP: 9.0e-09
dTL_dchi: -21000.0
gamma: 1.2817623427005411
k_c: 163.0
r_IC: 1221000.0
r_IC_0: 456836.5249911121
r_OC: 2969076.1493216
rho_0: 13099.347206496863
rho_c: 12502.0
