A_rho: 0.6477443595164504
CP: 894.6905907533702
DeltaS: 127.0
Deltarho_ICB: 500.0
FeM: 20.0
H: 0.0
K_c: 1403000000000.0
L_rho: 8019774.315314933
Mp: 0.9
P0: 505.0290369
Q_CMB: 7400000000000.0
T0: 5252.8105388
TL0: 7969.106558437871
XFe: 75.0
alpha_c: 1.3605893410854189e-05
beta: 0.83
chi0: 0.056
dTL_dP: 9.0e-09
dTL_dchi: -21000.0
gamma: 1.2619342282220134
k_c: 163.0
r_IC: 1221000.0
r_IC_0: 4016878.1857250226
r_OC: 4191912.8767772005
rho_0: 15051.915213488397
rho_c: 12502.0
