A_rho: 0.5104860758370144
CP: 1014.1856288294184
DeltaS: 127.0
Deltarho_ICB: 500.0
FeM: 20.0
H: 0.0
K_c: 1403000000000.0
L_rho: 7346991.266856736
Mp: 0.8
P0: 303.9048815
Q_CMB: 7400000000000.0
T0: 5341.3265758
TL0: 6134.958333864397
XFe: 35.0
alpha_c: 1.598814853752914e-05
beta: 0.83
chi0: 0.056
dTL_dP: 9.0e-09
dTL_dchi: -21000.0
gamma: 1.275990565171001
k_c: 163.0
r_IC: 1221000.0
r_IC_0: 2461252.3084396333
r_OC: 2831474.8670077003
rho_0: 13189.14560649845
rho_c: 12502.0
