A_rho: 0.5101095719648097
CP: 1046.3675024244374
DeltaS: 127.0
Deltarho_ICB: 500.0
FeM: 10.0
H: 0.0
K_c: 1403000000000.0
L_rho: 8051018.544136277
Mp: 1.1
P0: 533.2550614
Q_CMB: 7400000000000.0
T0: 6952.5385927
TL0: 8195.45806271767
XFe: 55.0
alpha_c: 1.4014040627738849e-05
beta: 0.83
chi0: 0.056
dTL_dP: 9.0e-09
dTL_dchi: -21000.0
gamma: 1.2515599471809098
k_c: 163.0
r_IC: 1221000.0
r_IC_0: 3238597.1573325978
r_OC: 3985768.8935812004
rho_0: 15089.105133537
rho_c: 12502.0
