A_rho: 0.6250821788220866
CP: 908.3963375475988
DeltaS: 127.0
Deltarho_ICB: 500.0
FeM: 15.0
H: 0.0
K_c: 1403000000000.0
L_rho: 8415231.840969197
Mp: 1.2
P0: 681.9837291
Q_CMB: 7400000000000.0
T0: 6121.2171888
TL0: 9302.406878346352
XFe: 80.0
alpha_c: 1.2471320135979317e-05
beta: 0.83
chi0: 0.056
dTL_dP: 9.0e-09
dTL_dchi: -21000.0
gamma: 1.2460185637910806
k_c: 163.0
r_IC: 1221000.0
r_IC_0: 4435167.041758336
r_OC: 4691554.9161064
rho_0: 16260.798620200196
rho_c: 12502.0
