A_rho: 0.3405163987403175
CP: 1264.0851862606933
DeltaS: 127.0
Deltarho_ICB: 500.0
FeM: 0.0
H: 0.0
K_c: 1403000000000.0
L_rho: 8001487.109966726
Mp: 1.8
P0: 522.372697
Q_CMB: 7400000000000.0
T0: 9075.0600079
TL0: 8108.894612672141
XFe: 15.0
alpha_c: 1.4057471739325379e-05
beta: 0.83
chi0: 0.056
dTL_dP: 9.0e-09
dTL_dchi: -21000.0
gamma: 1.2360118729640504
k_c: 163.0
r_IC: 1221000.0
r_IC_0: 0.0
r_OC: 3059732.6448716
rho_0: 14723.590736885666
rho_c: 12502.0
