A_rho: 0.450065384251661
CP: 1140.871179389492
DeltaS: 127.0
Deltarho_ICB: 500.0
FeM: 0.0
H: 0.0
K_c: 1403000000000.0
L_rho: 8444747.08838593
Mp: 1.5
P0: 724.5778777
Q_CMB: 7400000000000.0
T0: 8950.7997583
TL0: 9597.22166185856
XFe: 55.0
alpha_c: 1.3269634593454468e-05
beta: 0.83
chi0: 0.056
dTL_dP: 9.0e-09
dTL_dchi: -21000.0
gamma: 1.2338325917067523
k_c: 163.0
r_IC: 1221000.0
r_IC_0: 2609701.7631328222
r_OC: 4446586.337535201
rho_0: 16257.885895010644
rho_c: 12502.0
