A_rho: 0.5518246156912145
CP: 1022.7999755773391
DeltaS: 127.0
Deltarho_ICB: 500.0
FeM: 10.0
H: 0.0
K_c: 1403000000000.0
L_rho: 8000391.292974795
Mp: 1.0
P0: 506.5600273
Q_CMB: 7400000000000.0
T0: 6537.2239838
TL0: 7981.538932746573
XFe: 60.0
alpha_c: 1.4478325016845525e-05
beta: 0.83
chi0: 0.056
dTL_dP: 9.0e-09
dTL_dchi: -21000.0
gamma: 1.2576859217904222
k_c: 163.0
r_IC: 1221000.0
r_IC_0: 3379575.0468499376
r_OC: 4013758.6406709
rho_0: 14922.428656988925
rho_c: 12502.0
