A_rho: 0.374509017869602
CP: 1011.3735588087959
DeltaS: 127.0
Deltarho_ICB: 500.0
FeM: 20.0
H: 0.0
K_c: 1403000000000.0
L_rho: 8506854.854170471
Mp: 1.8
P0: 803.9333594999999
Q_CMB: 7400000000000.0
T0: 8248.9555387
TL0: 10124.883627035459
XFe: 50.0
alpha_c: 1.009151977041187e-05
beta: 0.83
chi0: 0.056
dTL_dP: 9.0e-09
dTL_dchi: -21000.0
gamma: 1.213031535161645
k_c: 163.0
r_IC: 1221000.0
r_IC_0: 3970027.4847472655
r_OC: 4203909.5021947
rho_0: 16858.873484582316
rho_c: 12502.0
