A_rho: 0.4946191713192955
CP: 1024.34529270501
DeltaS: 127.0
Deltarho_ICB: 500.0
FeM: 10.0
H: 0.0
K_c: 1403000000000.0
L_rho: 8442153.88921947
Mp: 1.4
P0: 723.9717369
Q_CMB: 7400000000000.0
T0: 7715.9489346
TL0: 9593.086149419807
XFe: 65.0
alpha_c: 1.2335968795500324e-05
beta: 0.83
chi0: 0.056
dTL_dP: 9.0e-09
dTL_dchi: -21000.0
gamma: 1.2346833544184208
k_c: 163.0
r_IC: 1221000.0
r_IC_0: 3918299.3277036394
r_OC: 4532038.1715023
rho_0: 16387.836659263092
rho_c: 12502.0
