A_rho: 0.5125368560011874
CP: 1149.4934184020226
DeltaS: 127.0
Deltarho_ICB: 500.0
FeM: 0.0
H: 0.0
K_c: 1403000000000.0
L_rho: 7863667.980128221
Mp: 1.0
P0: 453.13329819999996
Q_CMB: 7400000000000.0
T0: 7290.2035045
TL0: 7536.298514363239
XFe: 45.0
alpha_c: 1.6415382234020597e-05
beta: 0.83
chi0: 0.056
dTL_dP: 9.0e-09
dTL_dchi: -21000.0
gamma: 1.2635991162594784
k_c: 163.0
r_IC: 1221000.0
r_IC_0: 1586020.4219879075
r_OC: 3731236.1853551003
rho_0: 14373.262728166485
rho_c: 12502.0
