A_rho: 0.4736811629661256
CP: 1067.1533086136794
DeltaS: 127.0
Deltarho_ICB: 500.0
FeM: 10.0
H: 0.0
K_c: 1403000000000.0
L_rho: 8084788.872321482
Mp: 1.2
P0: 553.1027432
Q_CMB: 7400000000000.0
T0: 7312.1863119
TL0: 8351.158141431062
XFe: 50.0
alpha_c: 1.3611238845416727e-05
beta: 0.83
chi0: 0.056
dTL_dP: 9.0e-09
dTL_dchi: -21000.0
gamma: 1.2462497346698804
k_c: 163.0
r_IC: 1221000.0
r_IC_0: 3048935.4007349685
r_OC: 3928029.6795059997
rho_0: 15203.679480227907
rho_c: 12502.0
