A_rho: 0.3785823075587477
CP: 1218.778821987677
DeltaS: 127.0
Deltarho_ICB: 500.0
FeM: 0.0
H: 0.0
K_c: 1403000000000.0
L_rho: 8183268.939677096
Mp: 1.6
P0: 601.7807633
Q_CMB: 7400000000000.0
T0: 9126.143051899999
TL0: 8721.926836639046
XFe: 30.0
alpha_c: 1.3711203173859128e-05
beta: 0.83
chi0: 0.056
dTL_dP: 9.0e-09
dTL_dchi: -21000.0
gamma: 1.2348563447397014
k_c: 163.0
r_IC: 1221000.0
r_IC_0: 0.0
r_OC: 3709801.1765844002
rho_0: 15354.403301240822
rho_c: 12502.0
