A_rho: 0.44185695119846125
CP: 999.4435980067036
DeltaS: 127.0
Deltarho_ICB: 500.0
FeM: 20.0
H: 0.0
K_c: 1403000000000.0
L_rho: 8028624.292695242
Mp: 1.2
P0: 542.0588042999999
Q_CMB: 7400000000000.0
T0: 6671.768538
TL0: 8264.862101314857
XFe: 50.0
alpha_c: 1.2522005688875238e-05
beta: 0.83
chi0: 0.056
dTL_dP: 9.0e-09
dTL_dchi: -21000.0
gamma: 1.2429600405022192
k_c: 163.0
r_IC: 1221000.0
r_IC_0: 3525740.2534436565
r_OC: 3788873.5204490996
rho_0: 15190.991293297728
rho_c: 12502.0
