A_rho: 0.414374723675422
CP: 1161.0733287001208
DeltaS: 127.0
Deltarho_ICB: 500.0
FeM: 10.0
H: 0.0
K_c: 1403000000000.0
L_rho: 7357168.199578555
Mp: 1.2
P0: 306.200669
Q_CMB: 7400000000000.0
T0: 6510.990245399999
TL0: 6158.7825984187875
XFe: 15.0
alpha_c: 1.6561410997651805e-05
beta: 0.83
chi0: 0.056
dTL_dP: 9.0e-09
dTL_dchi: -21000.0
gamma: 1.2675784644091712
k_c: 163.0
r_IC: 1221000.0
r_IC_0: 0.0
r_OC: 2227221.6637477996
rho_0: 13034.614265552103
rho_c: 12502.0
