A_rho: 0.44993103767106846
CP: 1035.7961787371446
DeltaS: 127.0
Deltarho_ICB: 500.0
FeM: 15.0
H: 0.0
K_c: 1403000000000.0
L_rho: 8153750.939763979
Mp: 1.3
P0: 591.8648057999999
Q_CMB: 7400000000000.0
T0: 7287.1676552
TL0: 8647.614283675843
XFe: 50.0
alpha_c: 1.2532337435673627e-05
beta: 0.83
chi0: 0.056
dTL_dP: 9.0e-09
dTL_dchi: -21000.0
gamma: 1.238769536886274
k_c: 163.0
r_IC: 1221000.0
r_IC_0: 3397558.181683964
r_OC: 3942836.2595141
rho_0: 15504.515283443956
rho_c: 12502.0
