A_rho: 0.4312516650316303
CP: 1156.460768133563
DeltaS: 127.0
Deltarho_ICB: 500.0
FeM: 10.0
H: 0.0
K_c: 1403000000000.0
L_rho: 7266348.339915082
Mp: 1.1
P0: 282.44384469999994
Q_CMB: 7400000000000.0
T0: 6250.8141454999995
TL0: 5907.881196810983
XFe: 15.0
alpha_c: 1.7263298110526577e-05
beta: 0.83
chi0: 0.056
dTL_dP: 9.0e-09
dTL_dchi: -21000.0
gamma: 1.2736075406308895
k_c: 163.0
r_IC: 1221000.0
r_IC_0: 0.0
r_OC: 2172895.3173081
rho_0: 12806.282325359192
rho_c: 12502.0
