A_rho: 0.4164442348427507
CP: 1100.497629347354
DeltaS: 127.0
Deltarho_ICB: 500.0
FeM: 20.0
H: 0.0
K_c: 1403000000000.0
L_rho: 7124718.843138233
Mp: 1.4
P0: 250.751877
Q_CMB: 7400000000000.0
T0: 5746.2875788
TL0: 5556.6427208289415
XFe: 15.0
alpha_c: 1.5849354479040004e-05
beta: 0.83
chi0: 0.056
dTL_dP: 9.0e-09
dTL_dchi: -21000.0
gamma: 1.2677731706944004
k_c: 163.0
r_IC: 1221000.0
r_IC_0: 0.0
r_OC: 925384.1651629
rho_0: 12511.248778031535
rho_c: 12502.0
