A_rho: 0.5724340002891853
CP: 1057.461280213696
DeltaS: 127.0
Deltarho_ICB: 500.0
FeM: 0.0
H: 0.0
K_c: 1403000000000.0
L_rho: 8340398.469348673
Mp: 1.2
P0: 644.2328226
Q_CMB: 7400000000000.0
T0: 7510.5958992
TL0: 9033.55682696161
XFe: 70.0
alpha_c: 1.4368184583162125e-05
beta: 0.83
chi0: 0.056
dTL_dP: 9.0e-09
dTL_dchi: -21000.0
gamma: 1.2497681291504548
k_c: 163.0
r_IC: 1221000.0
r_IC_0: 3594620.255701622
r_OC: 4548514.827899599
rho_0: 15856.753275631334
rho_c: 12502.0
