A_rho: 0.33841945751671776
CP: 1174.0268560353743
DeltaS: 127.0
Deltarho_ICB: 500.0
FeM: 10.0
H: 0.0
K_c: 1403000000000.0
L_rho: 7796640.940436949
Mp: 1.8
P0: 448.1891137
Q_CMB: 7400000000000.0
T0: 7889.945097600001
TL0: 7493.837746255452
XFe: 15.0
alpha_c: 1.3415703752829979e-05
beta: 0.83
chi0: 0.056
dTL_dP: 9.0e-09
dTL_dchi: -21000.0
gamma: 1.2381307421010725
k_c: 163.0
r_IC: 1221000.0
r_IC_0: 0.0
r_OC: 2479821.6048479
rho_0: 14247.010924195592
rho_c: 12502.0
