A_rho: 0.42510077363244625
CP: 1129.9945604328973
DeltaS: 127.0
Deltarho_ICB: 500.0
FeM: 0.0
H: 0.0
K_c: 1403000000000.0
L_rho: 8720439.712152375
Mp: 1.8
P0: 901.0526093000001
Q_CMB: 7400000000000.0
T0: 9803.041157700001
TL0: 10737.373020266947
XFe: 60.0
alpha_c: 1.2001216555103687e-05
beta: 0.83
chi0: 0.056
dTL_dP: 9.0e-09
dTL_dchi: -21000.0
gamma: 1.220285749606206
k_c: 163.0
r_IC: 1221000.0
r_IC_0: 3127993.5819028774
r_OC: 4806091.2619577
rho_0: 17285.73643013912
rho_c: 12502.0
