A_rho: 0.5499267642687101
CP: 927.4679391744475
DeltaS: 127.0
Deltarho_ICB: 500.0
FeM: 15.0
H: 0.0
K_c: 1403000000000.0
L_rho: 8756431.08566819
Mp: 1.6
P0: 902.3974203
Q_CMB: 7400000000000.0
T0: 7245.379940700001
TL0: 10745.623121510234
XFe: 80.0
alpha_c: 1.1016958892204757e-05
beta: 0.83
chi0: 0.056
dTL_dP: 9.0e-09
dTL_dchi: -21000.0
gamma: 1.226512715477952
k_c: 163.0
r_IC: 1221000.0
r_IC_0: 4798168.096925636
r_OC: 5063535.6585664
rho_0: 17534.987031751374
rho_c: 12502.0
