A_rho: 0.5455557565337271
CP: 1029.846129034948
DeltaS: 127.0
Deltarho_ICB: 500.0
FeM: 5.0
H: 0.0
K_c: 1403000000000.0
L_rho: 8422306.60604826
Mp: 1.3
P0: 696.1254172
Q_CMB: 7400000000000.0
T0: 7543.8997285
TL0: 9401.253693807514
XFe: 70.0
alpha_c: 1.3270092879803016e-05
beta: 0.83
chi0: 0.056
dTL_dP: 9.0e-09
dTL_dchi: -21000.0
gamma: 1.242299737788817
k_c: 163.0
r_IC: 1221000.0
r_IC_0: 3881527.9755628603
r_OC: 4611123.3265479
rho_0: 16215.94086344639
rho_c: 12502.0
