A_rho: 0.4292212251955105
CP: 1120.0498428439419
DeltaS: 127.0
Deltarho_ICB: 500.0
FeM: 10.0
H: 0.0
K_c: 1403000000000.0
L_rho: 7765537.304976126
Mp: 1.2
P0: 432.27835430000005
Q_CMB: 7400000000000.0
T0: 7112.92485
TL0: 7355.630609959753
XFe: 30.0
alpha_c: 1.4643532989407551e-05
beta: 0.83
chi0: 0.056
dTL_dP: 9.0e-09
dTL_dchi: -21000.0
gamma: 1.2533709879369381
k_c: 163.0
r_IC: 1221000.0
r_IC_0: 1561750.0921567858
r_OC: 3189624.8558855
rho_0: 14211.928458013468
rho_c: 12502.0
