A_rho: 0.4367111283212517
CP: 1023.8092418107909
DeltaS: 127.0
Deltarho_ICB: 500.0
FeM: 20.0
H: 0.0
K_c: 1403000000000.0
L_rho: 7873156.176382563
Mp: 1.2
P0: 477.8090552
Q_CMB: 7400000000000.0
T0: 6597.995621600001
TL0: 7744.9339435603815
XFe: 40.0
alpha_c: 1.2944067564925031e-05
beta: 0.83
chi0: 0.056
dTL_dP: 9.0e-09
dTL_dchi: -21000.0
gamma: 1.2460346474959634
k_c: 163.0
r_IC: 1221000.0
r_IC_0: 3074585.1527743707
r_OC: 3394752.5487651
rho_0: 14679.410298765686
rho_c: 12502.0
