A_rho: 0.38811583744336
CP: 1099.915023225248
DeltaS: 127.0
Deltarho_ICB: 500.0
FeM: 15.0
H: 0.0
K_c: 1403000000000.0
L_rho: 7758018.697503229
Mp: 1.4
P0: 435.35179589999996
Q_CMB: 7400000000000.0
T0: 7082.206198700001
TL0: 7382.517576864269
XFe: 25.0
alpha_c: 1.3536461494368831e-05
beta: 0.83
chi0: 0.056
dTL_dP: 9.0e-09
dTL_dchi: -21000.0
gamma: 1.2455783640406808
k_c: 163.0
r_IC: 1221000.0
r_IC_0: 1721556.42916403
r_OC: 2874621.8196823997
rho_0: 14244.62120730817
rho_c: 12502.0
