A_rho: 0.44498413836749356
CP: 1031.6530432795892
DeltaS: 127.0
Deltarho_ICB: 500.0
FeM: 20.0
H: 0.0
K_c: 1403000000000.0
L_rho: 7679022.436586396
Mp: 1.1
P0: 406.7211688
Q_CMB: 7400000000000.0
T0: 6232.4437533
TL0: 7128.358850007827
XFe: 35.0
alpha_c: 1.3840849208246005e-05
beta: 0.83
chi0: 0.056
dTL_dP: 9.0e-09
dTL_dchi: -21000.0
gamma: 1.2547309039456995
k_c: 163.0
r_IC: 1221000.0
r_IC_0: 2723463.9902060535
r_OC: 3088130.9598536
rho_0: 14096.275576079539
rho_c: 12502.0
