A_rho: 0.4796631171597402
CP: 1104.8244066213103
DeltaS: 127.0
Deltarho_ICB: 500.0
FeM: 5.0
H: 0.0
K_c: 1403000000000.0
L_rho: 8106401.574009563
Mp: 1.2
P0: 557.5277304
Q_CMB: 7400000000000.0
T0: 7645.5899118
TL0: 8385.499706894843
XFe: 50.0
alpha_c: 1.4238418505520293e-05
beta: 0.83
chi0: 0.056
dTL_dP: 9.0e-09
dTL_dchi: -21000.0
gamma: 1.248173503316337
k_c: 163.0
r_IC: 1221000.0
r_IC_0: 2669288.4274508697
r_OC: 3994214.9708247003
rho_0: 15197.380610821454
rho_c: 12502.0
