A_rho: 0.5524372043477519
CP: 1009.77992983108
DeltaS: 127.0
Deltarho_ICB: 500.0
FeM: 10.0
H: 0.0
K_c: 1403000000000.0
L_rho: 8161855.713963974
Mp: 1.1
P0: 573.7983106
Q_CMB: 7400000000000.0
T0: 6762.322336
TL0: 8510.650106219504
XFe: 65.0
alpha_c: 1.377677756761507e-05
beta: 0.83
chi0: 0.056
dTL_dP: 9.0e-09
dTL_dchi: -21000.0
gamma: 1.2513478420036148
k_c: 163.0
r_IC: 1221000.0
r_IC_0: 3676657.5493365237
r_OC: 4246758.0458072
rho_0: 15424.333193779714
rho_c: 12502.0
