A_rho: 0.4604520934903143
CP: 1072.264974835893
DeltaS: 127.0
Deltarho_ICB: 500.0
FeM: 15.0
H: 0.0
K_c: 1403000000000.0
L_rho: 7522820.783342085
Mp: 1.0
P0: 353.0267065
Q_CMB: 7400000000000.0
T0: 6168.8094562
TL0: 6627.086027725469
XFe: 30.0
alpha_c: 1.5399527585748167e-05
beta: 0.83
chi0: 0.056
dTL_dP: 9.0e-09
dTL_dchi: -21000.0
gamma: 1.2651242056645604
k_c: 163.0
r_IC: 1221000.0
r_IC_0: 2016633.2445245865
r_OC: 2904341.9594365
rho_0: 13584.890889679435
rho_c: 12502.0
