A_rho: 0.38805946349646436
CP: 1105.8723489329846
DeltaS: 127.0
Deltarho_ICB: 500.0
FeM: 10.0
H: 0.0
K_c: 1403000000000.0
L_rho: 8268422.903398449
Mp: 1.6
P0: 655.0588782000001
Q_CMB: 7400000000000.0
T0: 8434.2092822
TL0: 9111.420454278315
XFe: 40.0
alpha_c: 1.2087844283260076e-05
beta: 0.83
chi0: 0.056
dTL_dP: 9.0e-09
dTL_dchi: -21000.0
gamma: 1.2278797541478925
k_c: 163.0
r_IC: 1221000.0
r_IC_0: 2622821.050714981
r_OC: 3877005.2247102996
rho_0: 15836.053774756434
rho_c: 12502.0
