A_rho: 0.41002024635572276
CP: 1063.7778867539535
DeltaS: 127.0
Deltarho_ICB: 500.0
FeM: 15.0
H: 0.0
K_c: 1403000000000.0
L_rho: 8081856.074152959
Mp: 1.4
P0: 564.9152379
Q_CMB: 7400000000000.0
T0: 7496.2955154
TL0: 8442.539639909854
XFe: 40.0
alpha_c: 1.2442308669670751e-05
beta: 0.83
chi0: 0.056
dTL_dP: 9.0e-09
dTL_dchi: -21000.0
gamma: 1.2362714037848526
k_c: 163.0
r_IC: 1221000.0
r_IC_0: 2942533.7177748205
r_OC: 3643844.3835696997
rho_0: 15275.314926865483
rho_c: 12502.0
