A_rho: 0.35443870978922787
CP: 1119.4757022506753
DeltaS: 127.0
Deltarho_ICB: 500.0
FeM: 10.0
H: 0.0
K_c: 1403000000000.0
L_rho: 8324043.3753636
Mp: 1.8
P0: 688.8138735
Q_CMB: 7400000000000.0
T0: 8861.2573504
TL0: 9350.270725495378
XFe: 35.0
alpha_c: 1.1529002620211142e-05
beta: 0.83
chi0: 0.056
dTL_dP: 9.0e-09
dTL_dchi: -21000.0
gamma: 1.2209225266852168
k_c: 163.0
r_IC: 1221000.0
r_IC_0: 2283690.865587128
r_OC: 3789084.1216710997
rho_0: 16025.630013630607
rho_c: 12502.0
