A_rho: 0.3394379230336356
CP: 1158.2694786380023
DeltaS: 127.0
Deltarho_ICB: 500.0
FeM: 10.0
H: 0.0
K_c: 1403000000000.0
L_rho: 7971195.748104472
Mp: 1.8
P0: 518.7002143999999
Q_CMB: 7400000000000.0
T0: 8241.732316399999
TL0: 8079.4849169756435
XFe: 20.0
alpha_c: 1.2695592979310248e-05
beta: 0.83
chi0: 0.056
dTL_dP: 9.0e-09
dTL_dchi: -21000.0
gamma: 1.2317395831872517
k_c: 163.0
r_IC: 1221000.0
r_IC_0: 0.0
r_OC: 2927695.0649374
rho_0: 14809.86545651541
rho_c: 12502.0
