A_rho: 0.46158996875819136
CP: 1108.991225632282
DeltaS: 127.0
Deltarho_ICB: 500.0
FeM: 5.0
H: 0.0
K_c: 1403000000000.0
L_rho: 8200729.905986696
Mp: 1.3
P0: 603.0983362000001
Q_CMB: 7400000000000.0
T0: 7978.783623199999
TL0: 8731.756205295986
XFe: 50.0
alpha_c: 1.3690107109687823e-05
beta: 0.83
chi0: 0.056
dTL_dP: 9.0e-09
dTL_dchi: -21000.0
gamma: 1.2424258186438604
k_c: 163.0
r_IC: 1221000.0
r_IC_0: 2718605.4951067134
r_OC: 4085005.3457668
rho_0: 15506.670239795827
rho_c: 12502.0
