A_rho: 0.5256652149017002
CP: 960.3970911468688
DeltaS: 127.0
Deltarho_ICB: 500.0
FeM: 10.0
H: 0.0
K_c: 1403000000000.0
L_rho: 8912092.16535446
Mp: 1.8
P0: 1015.1778506
Q_CMB: 7400000000000.0
T0: 8088.642777600001
TL0: 11417.497184756963
XFe: 80.0
alpha_c: 1.0857138354891892e-05
beta: 0.83
chi0: 0.056
dTL_dP: 9.0e-09
dTL_dchi: -21000.0
gamma: 1.2198793558489858
k_c: 163.0
r_IC: 1221000.0
r_IC_0: 4858934.291278709
r_OC: 5255314.8595311
rho_0: 18093.206595406373
rho_c: 12502.0
