A_rho: 0.3777280259532649
CP: 1032.1387031634688
DeltaS: 127.0
Deltarho_ICB: 500.0
FeM: 20.0
H: 0.0
K_c: 1403000000000.0
L_rho: 8200115.109050096
Mp: 1.6
P0: 630.2100629
Q_CMB: 7400000000000.0
T0: 7631.8981236
TL0: 8931.752107400747
XFe: 40.0
alpha_c: 1.1131204492032986e-05
beta: 0.83
chi0: 0.056
dTL_dP: 9.0e-09
dTL_dchi: -21000.0
gamma: 1.225088602952756
k_c: 163.0
r_IC: 1221000.0
r_IC_0: 3366136.7695363737
r_OC: 3664837.1958488
rho_0: 15750.062635051541
rho_c: 12502.0
