A_rho: 0.6276630019682135
CP: 1018.0123938855494
DeltaS: 127.0
Deltarho_ICB: 500.0
FeM: 0.0
H: 0.0
K_c: 1403000000000.0
L_rho: 8286767.302799356
Mp: 1.1
P0: 608.2258317000001
Q_CMB: 7400000000000.0
T0: 6891.2486954
TL0: 8769.909621304794
XFe: 75.0
alpha_c: 1.4720789521522714e-05
beta: 0.83
chi0: 0.056
dTL_dP: 9.0e-09
dTL_dchi: -21000.0
gamma: 1.2560882478047821
k_c: 163.0
r_IC: 1221000.0
r_IC_0: 3801190.3610883546
r_OC: 4546606.6794593
rho_0: 15662.575983103168
rho_c: 12502.0
