A_rho: 0.4306979062328003
CP: 1197.004462335973
DeltaS: 127.0
Deltarho_ICB: 500.0
FeM: 0.0
H: 0.0
K_c: 1403000000000.0
L_rho: 8022776.1926255
Mp: 1.3
P0: 523.8177139
Q_CMB: 7400000000000.0
T0: 8292.1140992
TL0: 8120.438984613715
XFe: 35.0
alpha_c: 1.498553561015257e-05
beta: 0.83
chi0: 0.056
dTL_dP: 9.0e-09
dTL_dchi: -21000.0
gamma: 1.2481452032203122
k_c: 163.0
r_IC: 1221000.0
r_IC_0: 0.0
r_OC: 3689051.9988713996
rho_0: 14843.897831612683
rho_c: 12502.0
