A_rho: 0.36166313099760145
CP: 1156.215174839422
DeltaS: 127.0
Deltarho_ICB: 500.0
FeM: 10.0
H: 0.0
K_c: 1403000000000.0
L_rho: 7838597.002606971
Mp: 1.6
P0: 463.5482209
Q_CMB: 7400000000000.0
T0: 7782.416876199999
TL0: 7625.0131577708335
XFe: 20.0
alpha_c: 1.3545635131420447e-05
beta: 0.83
chi0: 0.056
dTL_dP: 9.0e-09
dTL_dchi: -21000.0
gamma: 1.2405583256163555
k_c: 163.0
r_IC: 1221000.0
r_IC_0: 0.0
r_OC: 2841071.2926772004
rho_0: 14399.996892269613
rho_c: 12502.0
