A_rho: 0.38534672995645575
CP: 1130.2650956734406
DeltaS: 127.0
Deltarho_ICB: 500.0
FeM: 15.0
H: 0.0
K_c: 1403000000000.0
L_rho: 7377120.962667502
Mp: 1.4
P0: 313.8444311
Q_CMB: 7400000000000.0
T0: 6448.1065999
TL0: 6237.486866683836
XFe: 15.0
alpha_c: 1.52722919072876e-05
beta: 0.83
chi0: 0.056
dTL_dP: 9.0e-09
dTL_dchi: -21000.0
gamma: 1.259756015524292
k_c: 163.0
r_IC: 1221000.0
r_IC_0: 0.0
r_OC: 1894494.6528273
rho_0: 13129.635764347224
rho_c: 12502.0
