A_rho: 0.3992159726328395
CP: 1228.3384016021912
DeltaS: 127.0
Deltarho_ICB: 500.0
FeM: 0.0
H: 0.0
K_c: 1403000000000.0
L_rho: 7938910.810224413
Mp: 1.4
P0: 492.5453286
Q_CMB: 7400000000000.0
T0: 8401.0216468
TL0: 7867.042741283965
XFe: 25.0
alpha_c: 1.5074915224884565e-05
beta: 0.83
chi0: 0.056
dTL_dP: 9.0e-09
dTL_dchi: -21000.0
gamma: 1.2473676758669083
k_c: 163.0
r_IC: 1221000.0
r_IC_0: 0.0
r_OC: 3374447.4950707
rho_0: 14565.297447058572
rho_c: 12502.0
