A_rho: 0.4255083925323739
CP: 1061.0966230784552
DeltaS: 127.0
Deltarho_ICB: 500.0
FeM: 15.0
H: 0.0
K_c: 1403000000000.0
L_rho: 7999358.529853777
Mp: 1.3
P0: 526.8732742
Q_CMB: 7400000000000.0
T0: 7222.0799045
TL0: 8144.799384458061
XFe: 40.0
alpha_c: 1.292033844659096e-05
beta: 0.83
chi0: 0.056
dTL_dP: 9.0e-09
dTL_dchi: -21000.0
gamma: 1.2415748952363055
k_c: 163.0
r_IC: 1221000.0
r_IC_0: 2882885.4021743247
r_OC: 3575746.5903436006
rho_0: 15007.628926599891
rho_c: 12502.0
