A_rho: 0.4030450496412145
CP: 1106.4651137093033
DeltaS: 127.0
Deltarho_ICB: 500.0
FeM: 5.0
H: 0.0
K_c: 1403000000000.0
L_rho: 8644814.742964841
Mp: 1.8
P0: 864.7096164999999
Q_CMB: 7400000000000.0
T0: 9458.736503299999
TL0: 10512.110396005264
XFe: 55.0
alpha_c: 1.1477846944070549e-05
beta: 0.83
chi0: 0.056
dTL_dP: 9.0e-09
dTL_dchi: -21000.0
gamma: 1.2181419637405215
k_c: 163.0
r_IC: 1221000.0
r_IC_0: 3265410.2430224386
r_OC: 4602677.278161099
rho_0: 17104.268540802772
rho_c: 12502.0
