A_rho: 0.33880820263636263
CP: 1136.7322412262113
DeltaS: 127.0
Deltarho_ICB: 500.0
FeM: 15.0
H: 0.0
K_c: 1403000000000.0
L_rho: 7648819.994463452
Mp: 1.8
P0: 397.9686445
Q_CMB: 7400000000000.0
T0: 7255.351976800001
TL0: 7048.940993717621
XFe: 15.0
alpha_c: 1.3366773605074972e-05
beta: 0.83
chi0: 0.056
dTL_dP: 9.0e-09
dTL_dchi: -21000.0
gamma: 1.2413200391649366
k_c: 163.0
r_IC: 1221000.0
r_IC_0: 0.0
r_OC: 2024374.3676688
rho_0: 13870.350802548606
rho_c: 12502.0
