A_rho: 0.4819887644652863
CP: 1137.3672251926703
DeltaS: 127.0
Deltarho_ICB: 500.0
FeM: 5.0
H: 0.0
K_c: 1403000000000.0
L_rho: 7696774.021231155
Mp: 1.0
P0: 401.6881849
Q_CMB: 7400000000000.0
T0: 6918.997329100001
TL0: 7082.793484525603
XFe: 35.0
alpha_c: 1.6234638418073687e-05
beta: 0.83
chi0: 0.056
dTL_dP: 9.0e-09
dTL_dchi: -21000.0
gamma: 1.2648196715605151
k_c: 163.0
r_IC: 1221000.0
r_IC_0: 1284485.8884159469
r_OC: 3341695.4706854
rho_0: 13953.636775109044
rho_c: 12502.0
