A_rho: 0.44254344241913385
CP: 1229.9825471488793
DeltaS: 127.0
Deltarho_ICB: 500.0
FeM: 0.0
H: 0.0
K_c: 1403000000000.0
L_rho: 7574429.07030816
Mp: 1.1
P0: 362.5334849
Q_CMB: 7400000000000.0
T0: 7325.7954301
TL0: 6718.402194232156
XFe: 20.0
alpha_c: 1.7465000423740154e-05
beta: 0.83
chi0: 0.056
dTL_dP: 9.0e-09
dTL_dchi: -21000.0
gamma: 1.2676825350941836
k_c: 163.0
r_IC: 1221000.0
r_IC_0: 0.0
r_OC: 2945768.3139343997
rho_0: 13506.09087597295
rho_c: 12502.0
