A_rho: 0.4547645502586206
CP: 1059.2227241388437
DeltaS: 127.0
Deltarho_ICB: 500.0
FeM: 10.0
H: 0.0
K_c: 1403000000000.0
L_rho: 8328109.521272626
Mp: 1.4
P0: 672.1521221
Q_CMB: 7400000000000.0
T0: 7903.3113558
TL0: 9233.099485065175
XFe: 55.0
alpha_c: 1.2484923987809123e-05
beta: 0.83
chi0: 0.056
dTL_dP: 9.0e-09
dTL_dchi: -21000.0
gamma: 1.2345924925815503
k_c: 163.0
r_IC: 1221000.0
r_IC_0: 3445341.051556114
r_OC: 4251695.2280085
rho_0: 16015.73786793037
rho_c: 12502.0
