A_rho: 0.43458721484164625
CP: 1141.8435427063064
DeltaS: 127.0
Deltarho_ICB: 500.0
FeM: 10.0
H: 0.0
K_c: 1403000000000.0
L_rho: 7432028.859976864
Mp: 1.1
P0: 326.31408839999995
Q_CMB: 7400000000000.0
T0: 6501.0988348
TL0: 6363.911976833173
XFe: 20.0
alpha_c: 1.637734843020777e-05
beta: 0.83
chi0: 0.056
dTL_dP: 9.0e-09
dTL_dchi: -21000.0
gamma: 1.2673936129579468
k_c: 163.0
r_IC: 1221000.0
r_IC_0: 0.0
r_OC: 2569960.0455492996
rho_0: 13256.47645973547
rho_c: 12502.0
