A_rho: 0.4280265585476719
CP: 1069.0058760933769
DeltaS: 127.0
Deltarho_ICB: 500.0
FeM: 20.0
H: 0.0
K_c: 1403000000000.0
L_rho: 7230078.865519753
Mp: 1.1
P0: 276.8150611
Q_CMB: 7400000000000.0
T0: 5661.498725399999
TL0: 5846.950511323802
XFe: 20.0
alpha_c: 1.5806374316928562e-05
beta: 0.83
chi0: 0.056
dTL_dP: 9.0e-09
dTL_dchi: -21000.0
gamma: 1.2701293530780793
k_c: 163.0
r_IC: 1221000.0
r_IC_0: 1275857.1656210455
r_OC: 2005324.1547885
rho_0: 12837.126492265981
rho_c: 12502.0
