A_rho: 0.41045907241531154
CP: 1178.6043226964548
DeltaS: 127.0
Deltarho_ICB: 500.0
FeM: 5.0
H: 0.0
K_c: 1403000000000.0
L_rho: 7802286.144209326
Mp: 1.3
P0: 443.482413
Q_CMB: 7400000000000.0
T0: 7667.262249400001
TL0: 7453.204908855271
XFe: 25.0
alpha_c: 1.5038008295603691e-05
beta: 0.83
chi0: 0.056
dTL_dP: 9.0e-09
dTL_dchi: -21000.0
gamma: 1.251736911195877
k_c: 163.0
r_IC: 1221000.0
r_IC_0: 0.0
r_OC: 3163480.6395015
rho_0: 14235.824505346663
rho_c: 12502.0
