A_rho: 0.5642908095346536
CP: 944.2344629180152
DeltaS: 127.0
Deltarho_ICB: 500.0
FeM: 15.0
H: 0.0
K_c: 1403000000000.0
L_rho: 8453968.929541267
Mp: 1.3
P0: 717.351986
Q_CMB: 7400000000000.0
T0: 6725.8574311
TL0: 9547.811833818318
XFe: 75.0
alpha_c: 1.2128578910764043e-05
beta: 0.83
chi0: 0.056
dTL_dP: 9.0e-09
dTL_dchi: -21000.0
gamma: 1.2393876866412548
k_c: 163.0
r_IC: 1221000.0
r_IC_0: 4369466.224953259
r_OC: 4667655.4647455
rho_0: 16441.29777346628
rho_c: 12502.0
