A_rho: 0.490383519523796
CP: 1039.065545545872
DeltaS: 127.0
Deltarho_ICB: 500.0
FeM: 10.0
H: 0.0
K_c: 1403000000000.0
L_rho: 8300087.414091972
Mp: 1.3
P0: 650.5151301
Q_CMB: 7400000000000.0
T0: 7524.1628568999995
TL0: 9078.817298124872
XFe: 60.0
alpha_c: 1.2853671403684104e-05
beta: 0.83
chi0: 0.056
dTL_dP: 9.0e-09
dTL_dchi: -21000.0
gamma: 1.239717905399581
k_c: 163.0
r_IC: 1221000.0
r_IC_0: 3619763.1580452546
r_OC: 4309734.2329622
rho_0: 15904.006272533508
rho_c: 12502.0
