A_rho: 0.3907933094866473
CP: 1030.9148259168185
DeltaS: 127.0
Deltarho_ICB: 500.0
FeM: 20.0
H: 0.0
K_c: 1403000000000.0
L_rho: 8123592.247375685
Mp: 1.5
P0: 590.9266962
Q_CMB: 7400000000000.0
T0: 7381.6822409999995
TL0: 8640.55270780671
XFe: 40.0
alpha_c: 1.1535810127193254e-05
beta: 0.83
chi0: 0.056
dTL_dP: 9.0e-09
dTL_dchi: -21000.0
gamma: 1.2299503206816913
k_c: 163.0
r_IC: 1221000.0
r_IC_0: 3294059.545537323
r_OC: 3599438.3947124
rho_0: 15488.160433840316
rho_c: 12502.0
