A_rho: 0.45873693001827714
CP: 1177.9550243562076
DeltaS: 127.0
Deltarho_ICB: 500.0
FeM: 0.0
H: 0.0
K_c: 1403000000000.0
L_rho: 8003046.701551771
Mp: 1.2
P0: 512.4839838
Q_CMB: 7400000000000.0
T0: 8002.591022600001
TL0: 8029.473469813856
XFe: 40.0
alpha_c: 1.532569940488458e-05
beta: 0.83
chi0: 0.056
dTL_dP: 9.0e-09
dTL_dchi: -21000.0
gamma: 1.2522673934749153
k_c: 163.0
r_IC: 1221000.0
r_IC_0: 546207.3432724675
r_OC: 3771380.467018
rho_0: 14788.207035588004
rho_c: 12502.0
