A_rho: 0.3467724713895885
CP: 1045.1384095415453
DeltaS: 127.0
Deltarho_ICB: 500.0
FeM: 20.0
H: 0.0
K_c: 1403000000000.0
L_rho: 8230956.72919003
Mp: 1.8
P0: 650.5516989
Q_CMB: 7400000000000.0
T0: 7961.7217415000005
TL0: 9079.080133545804
XFe: 35.0
alpha_c: 1.0683104332075386e-05
beta: 0.83
chi0: 0.056
dTL_dP: 9.0e-09
dTL_dchi: -21000.0
gamma: 1.2189334240559604
k_c: 163.0
r_IC: 1221000.0
r_IC_0: 3193112.1792085133
r_OC: 3514232.9575754
rho_0: 15859.674758132991
rho_c: 12502.0
