A_rho: 0.38513253221015264
CP: 1230.631784903225
DeltaS: 127.0
Deltarho_ICB: 500.0
FeM: 0.0
H: 0.0
K_c: 1403000000000.0
L_rho: 8019333.262790237
Mp: 1.5
P0: 526.9167803
Q_CMB: 7400000000000.0
T0: 8700.533965999999
TL0: 8145.145740612326
XFe: 25.0
alpha_c: 1.4531039081081941e-05
beta: 0.83
chi0: 0.056
dTL_dP: 9.0e-09
dTL_dchi: -21000.0
gamma: 1.2422105709438662
k_c: 163.0
r_IC: 1221000.0
r_IC_0: 0.0
r_OC: 3440233.5785295
rho_0: 14814.321334064072
rho_c: 12502.0
