A_rho: 0.5192532523230499
CP: 933.7506130087847
DeltaS: 127.0
Deltarho_ICB: 500.0
FeM: 15.0
H: 0.0
K_c: 1403000000000.0
L_rho: 8900321.882007059
Mp: 1.8
P0: 1015.5921094
Q_CMB: 7400000000000.0
T0: 7766.3464302
TL0: 11419.896375527016
XFe: 80.0
alpha_c: 1.0423667367693561e-05
beta: 0.83
chi0: 0.056
dTL_dP: 9.0e-09
dTL_dchi: -21000.0
gamma: 1.218179014571267
k_c: 163.0
r_IC: 1221000.0
r_IC_0: 4958738.173373902
r_OC: 5223476.3731458
rho_0: 18124.268245000916
rho_c: 12502.0
