A_rho: 0.5566746856038578
CP: 953.4100668312636
DeltaS: 127.0
Deltarho_ICB: 500.0
FeM: 10.0
H: 0.0
K_c: 1403000000000.0
L_rho: 8767914.493015105
Mp: 1.6
P0: 902.0901527999999
Q_CMB: 7400000000000.0
T0: 7542.907575200001
TL0: 10743.73863305864
XFe: 80.0
alpha_c: 1.1463884133215972e-05
beta: 0.83
chi0: 0.056
dTL_dP: 9.0e-09
dTL_dchi: -21000.0
gamma: 1.22818513456531
k_c: 163.0
r_IC: 1221000.0
r_IC_0: 4706221.440443424
r_OC: 5094137.426980999
rho_0: 17505.678299747386
rho_c: 12502.0
