A_rho: 0.41728506378233493
CP: 1146.169746827186
DeltaS: 127.0
Deltarho_ICB: 500.0
FeM: 10.0
H: 0.0
K_c: 1403000000000.0
L_rho: 7525249.666387574
Mp: 1.2
P0: 354.0365147
Q_CMB: 7400000000000.0
T0: 6778.1601753
TL0: 6636.841768246598
XFe: 20.0
alpha_c: 1.5700759968641168e-05
beta: 0.83
chi0: 0.056
dTL_dP: 9.0e-09
dTL_dchi: -21000.0
gamma: 1.2612963233449896
k_c: 163.0
r_IC: 1221000.0
r_IC_0: 0.0
r_OC: 2634151.1337071
rho_0: 13504.667667202351
rho_c: 12502.0
