A_rho: 0.4243868553350625
CP: 1064.7723000059057
DeltaS: 127.0
Deltarho_ICB: 500.0
FeM: 10.0
H: 0.0
K_c: 1403000000000.0
L_rho: 8482339.905085267
Mp: 1.6
P0: 764.2696842
Q_CMB: 7400000000000.0
T0: 8485.3461855
TL0: 9864.469409887075
XFe: 55.0
alpha_c: 1.166650492328585e-05
beta: 0.83
chi0: 0.056
dTL_dP: 9.0e-09
dTL_dchi: -21000.0
gamma: 1.2249552860619466
k_c: 163.0
r_IC: 1221000.0
r_IC_0: 3558316.3297375604
r_OC: 4398350.959660401
rho_0: 16574.597402461808
rho_c: 12502.0
