A_rho: 0.536312543462144
CP: 1063.3825576018621
DeltaS: 127.0
Deltarho_ICB: 500.0
FeM: 5.0
H: 0.0
K_c: 1403000000000.0
L_rho: 8124071.054884109
Mp: 1.1
P0: 556.3014907
Q_CMB: 7400000000000.0
T0: 7175.532466399999
TL0: 8375.996352996188
XFe: 60.0
alpha_c: 1.4510247104459492e-05
beta: 0.83
chi0: 0.056
dTL_dP: 9.0e-09
dTL_dchi: -21000.0
gamma: 1.253232076497042
k_c: 163.0
r_IC: 1221000.0
r_IC_0: 3225069.212050781
r_OC: 4168779.9141287003
rho_0: 15242.720063933588
rho_c: 12502.0
