A_rho: 0.4390080779294581
CP: 1062.2668649096122
DeltaS: 127.0
Deltarho_ICB: 500.0
FeM: 10.0
H: 0.0
K_c: 1403000000000.0
L_rho: 8407487.218484174
Mp: 1.5
P0: 718.1142668
Q_CMB: 7400000000000.0
T0: 8198.5307837
TL0: 9553.03557785604
XFe: 55.0
alpha_c: 1.2060041970446778e-05
beta: 0.83
chi0: 0.056
dTL_dP: 9.0e-09
dTL_dchi: -21000.0
gamma: 1.2296407148781736
k_c: 163.0
r_IC: 1221000.0
r_IC_0: 3503161.3078631796
r_OC: 4327096.7022059
rho_0: 16299.342255445075
rho_c: 12502.0
