A_rho: 0.43361306338018196
CP: 1038.8019162711807
DeltaS: 127.0
Deltarho_ICB: 500.0
FeM: 15.0
H: 0.0
K_c: 1403000000000.0
L_rho: 8237682.540107938
Mp: 1.4
P0: 635.0735444000001
Q_CMB: 7400000000000.0
T0: 7572.7829904
TL0: 8967.184086186171
XFe: 50.0
alpha_c: 1.2074884564529751e-05
beta: 0.83
chi0: 0.056
dTL_dP: 9.0e-09
dTL_dchi: -21000.0
gamma: 1.2334820372381872
k_c: 163.0
r_IC: 1221000.0
r_IC_0: 3466627.813689372
r_OC: 4018667.0676778
rho_0: 15790.330551288773
rho_c: 12502.0
