A_rho: 0.4966487393593445
CP: 982.4341520079163
DeltaS: 127.0
Deltarho_ICB: 500.0
FeM: 20.0
H: 0.0
K_c: 1403000000000.0
L_rho: 8010430.50749986
Mp: 1.1
P0: 525.1744899
Q_CMB: 7400000000000.0
T0: 6364.214285499999
TL0: 8131.264340552999
XFe: 55.0
alpha_c: 1.2896936422847677e-05
beta: 0.83
chi0: 0.056
dTL_dP: 9.0e-09
dTL_dchi: -21000.0
gamma: 1.2480600920922031
k_c: 163.0
r_IC: 1221000.0
r_IC_0: 3620032.059904444
r_OC: 3863300.546757
rho_0: 15094.523569736237
rho_c: 12502.0
