A_rho: 0.5917470183621635
CP: 944.5408505285278
DeltaS: 127.0
Deltarho_ICB: 500.0
FeM: 10.0
H: 0.0
K_c: 1403000000000.0
L_rho: 8606226.045345739
Mp: 1.4
P0: 790.429884
Q_CMB: 7400000000000.0
T0: 6971.093286
TL0: 10036.940285334322
XFe: 80.0
alpha_c: 1.2156384091459754e-05
beta: 0.83
chi0: 0.056
dTL_dP: 9.0e-09
dTL_dchi: -21000.0
gamma: 1.2373856708692592
k_c: 163.0
r_IC: 1221000.0
r_IC_0: 4539110.896036754
r_OC: 4915201.577142701
rho_0: 16885.000994627455
rho_c: 12502.0
