A_rho: 0.4849961057690381
CP: 1114.6423429672539
DeltaS: 127.0
Deltarho_ICB: 500.0
FeM: 5.0
H: 0.0
K_c: 1403000000000.0
L_rho: 7948292.072627993
Mp: 1.1
P0: 491.5452181
Q_CMB: 7400000000000.0
T0: 7325.015165700001
TL0: 7858.812083820472
XFe: 45.0
alpha_c: 1.50047316858374e-05
beta: 0.83
chi0: 0.056
dTL_dP: 9.0e-09
dTL_dchi: -21000.0
gamma: 1.2550366318330937
k_c: 163.0
r_IC: 1221000.0
r_IC_0: 2280400.981903181
r_OC: 3762337.6063525
rho_0: 14701.685136064698
rho_c: 12502.0
