A_rho: 0.4309352209248176
CP: 1055.3593041128877
DeltaS: 127.0
Deltarho_ICB: 500.0
FeM: 20.0
H: 0.0
K_c: 1403000000000.0
L_rho: 7419895.016482924
Mp: 1.1
P0: 327.1655499
Q_CMB: 7400000000000.0
T0: 5924.614388600001
TL0: 6372.458432541088
XFe: 25.0
alpha_c: 1.4892630758725659e-05
beta: 0.83
chi0: 0.056
dTL_dP: 9.0e-09
dTL_dchi: -21000.0
gamma: 1.2630788175515446
k_c: 163.0
r_IC: 1221000.0
r_IC_0: 1965964.8718644842
r_OC: 2480770.4782446
rho_0: 13353.33942798945
rho_c: 12502.0
