A_rho: 0.3545168478540795
CP: 1221.2443756434682
DeltaS: 127.0
Deltarho_ICB: 500.0
FeM: 0.0
H: 0.0
K_c: 1403000000000.0
L_rho: 8321372.376538673
Mp: 1.8
P0: 675.0070736
Q_CMB: 7400000000000.0
T0: 9693.494776200001
TL0: 9253.2756808762
XFe: 30.0
alpha_c: 1.2846818421716223e-05
beta: 0.83
chi0: 0.056
dTL_dP: 9.0e-09
dTL_dchi: -21000.0
gamma: 1.2259357906908448
k_c: 163.0
r_IC: 1221000.0
r_IC_0: 0.0
r_OC: 3824870.8944071997
rho_0: 15825.612517878371
rho_c: 12502.0
