A_rho: 0.5305981940826284
CP: 1048.96824882605
DeltaS: 127.0
Deltarho_ICB: 500.0
FeM: 0.0
H: 0.0
K_c: 1403000000000.0
L_rho: 8732251.34865137
Mp: 1.6
P0: 875.1985588
Q_CMB: 7400000000000.0
T0: 8559.572129699998
TL0: 10577.587100498076
XFe: 75.0
alpha_c: 1.2576151443405747e-05
beta: 0.83
chi0: 0.056
dTL_dP: 9.0e-09
dTL_dchi: -21000.0
gamma: 1.230736014484362
k_c: 163.0
r_IC: 1221000.0
r_IC_0: 4140541.52159439
r_OC: 5029903.2736189
rho_0: 17252.006345660237
rho_c: 12502.0
