A_rho: 0.4102903196837454
CP: 1154.9833898816928
DeltaS: 127.0
Deltarho_ICB: 500.0
FeM: 5.0
H: 0.0
K_c: 1403000000000.0
L_rho: 8072459.637682192
Mp: 1.4
P0: 552.0653844
Q_CMB: 7400000000000.0
T0: 8199.997207299999
TL0: 8343.088118251528
XFe: 35.0
alpha_c: 1.3786356923485418e-05
beta: 0.83
chi0: 0.056
dTL_dP: 9.0e-09
dTL_dchi: -21000.0
gamma: 1.24106583255604
k_c: 163.0
r_IC: 1221000.0
r_IC_0: 1253624.2628649308
r_OC: 3660836.5131342
rho_0: 15085.973817846898
rho_c: 12502.0
