A_rho: 0.40981635091089746
CP: 1188.9739760005777
DeltaS: 127.0
Deltarho_ICB: 500.0
FeM: 0.0
H: 0.0
K_c: 1403000000000.0
L_rho: 8258657.682781969
Mp: 1.5
P0: 634.3102982999999
Q_CMB: 7400000000000.0
T0: 8981.295506299999
TL0: 8961.632328334801
XFe: 40.0
alpha_c: 1.3708810799054007e-05
beta: 0.83
chi0: 0.056
dTL_dP: 9.0e-09
dTL_dchi: -21000.0
gamma: 1.236192146837805
k_c: 163.0
r_IC: 1221000.0
r_IC_0: 0.0
r_OC: 4000714.9787833
rho_0: 15617.279071114695
rho_c: 12502.0
