A_rho: 0.39590751439277827
CP: 1190.9603249109607
DeltaS: 127.0
Deltarho_ICB: 500.0
FeM: 0.0
H: 0.0
K_c: 1403000000000.0
L_rho: 8336732.631526032
Mp: 1.6
P0: 676.7059826000001
Q_CMB: 7400000000000.0
T0: 9294.051086799998
TL0: 9265.262382751174
XFe: 40.0
alpha_c: 1.3238940157545628e-05
beta: 0.83
chi0: 0.056
dTL_dP: 9.0e-09
dTL_dchi: -21000.0
gamma: 1.2313122574746456
k_c: 163.0
r_IC: 1221000.0
r_IC_0: 0.0
r_OC: 4073296.973374
rho_0: 15886.554511797696
rho_c: 12502.0
