A_rho: 0.4369606336648504
CP: 1043.3016782825161
DeltaS: 127.0
Deltarho_ICB: 500.0
FeM: 20.0
H: 0.0
K_c: 1403000000000.0
L_rho: 7561494.28011344
Mp: 1.1
P0: 369.0552139
Q_CMB: 7400000000000.0
T0: 6103.3809875
TL0: 6780.375675605643
XFe: 30.0
alpha_c: 1.4289081385374319e-05
beta: 0.83
chi0: 0.056
dTL_dP: 9.0e-09
dTL_dchi: -21000.0
gamma: 1.258300325649132
k_c: 163.0
r_IC: 1221000.0
r_IC_0: 2393512.9043724514
r_OC: 2815983.1455107
rho_0: 13754.072881470816
rho_c: 12502.0
