A_rho: 0.4078793314428825
CP: 1148.5632368072254
DeltaS: 127.0
Deltarho_ICB: 500.0
FeM: 0.0
H: 0.0
K_c: 1403000000000.0
L_rho: 8662139.786813276
Mp: 1.8
P0: 867.0730689999999
Q_CMB: 7400000000000.0
T0: 9883.7494293
TL0: 10526.89760364075
XFe: 55.0
alpha_c: 1.2072120902758954e-05
beta: 0.83
chi0: 0.056
dTL_dP: 9.0e-09
dTL_dchi: -21000.0
gamma: 1.2203806759304434
k_c: 163.0
r_IC: 1221000.0
r_IC_0: 2653569.869771314
r_OC: 4661932.966713401
rho_0: 17072.686333316604
rho_c: 12502.0
