A_rho: 0.47804893800857073
CP: 1172.248434813596
DeltaS: 127.0
Deltarho_ICB: 500.0
FeM: 0.0
H: 0.0
K_c: 1403000000000.0
L_rho: 7906840.8057702575
Mp: 1.1
P0: 472.67009569999993
Q_CMB: 7400000000000.0
T0: 7655.3220466
TL0: 7701.9225957622
XFe: 40.0
alpha_c: 1.5958331187884346e-05
beta: 0.83
chi0: 0.056
dTL_dP: 9.0e-09
dTL_dchi: -21000.0
gamma: 1.2582855260850627
k_c: 163.0
r_IC: 1221000.0
r_IC_0: 710674.0949615847
r_OC: 3686230.4952958
rho_0: 14495.812645201971
rho_c: 12502.0
