A_rho: 0.4900640500033711
CP: 1099.9028337526172
DeltaS: 127.0
Deltarho_ICB: 500.0
FeM: 0.0
H: 0.0
K_c: 1403000000000.0
L_rho: 8551457.790624512
Mp: 1.5
P0: 775.6967164
Q_CMB: 7400000000000.0
T0: 8719.404472799999
TL0: 9940.153023342891
XFe: 65.0
alpha_c: 1.3101187960761959e-05
beta: 0.83
chi0: 0.056
dTL_dP: 9.0e-09
dTL_dchi: -21000.0
gamma: 1.2339596847756562
k_c: 163.0
r_IC: 1221000.0
r_IC_0: 3416830.4660097323
r_OC: 4705032.7103784
rho_0: 16619.907751169714
rho_c: 12502.0
