A_rho: 0.43098801217826066
CP: 1015.1494073343888
DeltaS: 127.0
Deltarho_ICB: 500.0
FeM: 20.0
H: 0.0
K_c: 1403000000000.0
L_rho: 8050260.642916376
Mp: 1.3
P0: 551.7851524
Q_CMB: 7400000000000.0
T0: 6930.917387800001
TL0: 8340.906821570707
XFe: 45.0
alpha_c: 1.2200079725241754e-05
beta: 0.83
chi0: 0.056
dTL_dP: 9.0e-09
dTL_dchi: -21000.0
gamma: 1.238435589759377
k_c: 163.0
r_IC: 1221000.0
r_IC_0: 3392472.9667669507
r_OC: 3677562.4250977007
rho_0: 15240.0429111972
rho_c: 12502.0
