A_rho: 0.5571834335637244
CP: 918.5499256117811
DeltaS: 127.0
Deltarho_ICB: 500.0
FeM: 20.0
H: 0.0
K_c: 1403000000000.0
L_rho: 8441944.209281692
Mp: 1.3
P0: 716.8629873
Q_CMB: 7400000000000.0
T0: 6455.0616427
TL0: 9544.459414847635
XFe: 75.0
alpha_c: 1.1663503165325789e-05
beta: 0.83
chi0: 0.056
dTL_dP: 9.0e-09
dTL_dchi: -21000.0
gamma: 1.237705808331906
k_c: 163.0
r_IC: 1221000.0
r_IC_0: 4458111.118403814
r_OC: 4633088.732032799
rho_0: 16465.00869324739
rho_c: 12502.0
