A_rho: 0.5123144183642386
CP: 907.6214387726882
DeltaS: 127.0
Deltarho_ICB: 500.0
FeM: 20.0
H: 0.0
K_c: 1403000000000.0
L_rho: 8893491.709605558
Mp: 1.8
P0: 1018.2120433
Q_CMB: 7400000000000.0
T0: 7450.444341699999
TL0: 11435.058811649344
XFe: 80.0
alpha_c: 1.0008464353228125e-05
beta: 0.83
chi0: 0.056
dTL_dP: 9.0e-09
dTL_dchi: -21000.0
gamma: 1.2164748011110937
k_c: 163.0
r_IC: 1221000.0
r_IC_0: 5047335.5694296
r_OC: 5198622.5456733005
rho_0: 18165.489938227623
rho_c: 12502.0
