A_rho: 0.6423754504744739
CP: 902.2625997438855
DeltaS: 127.0
Deltarho_ICB: 500.0
FeM: 15.0
H: 0.0
K_c: 1403000000000.0
L_rho: 8311013.602796808
Mp: 1.1
P0: 627.0802633999999
Q_CMB: 7400000000000.0
T0: 5814.7623201999995
TL0: 8908.8803741244
XFe: 80.0
alpha_c: 1.2935956909031735e-05
beta: 0.83
chi0: 0.056
dTL_dP: 9.0e-09
dTL_dchi: -21000.0
gamma: 1.2519066842045834
k_c: 163.0
r_IC: 1221000.0
r_IC_0: 4332046.995762852
r_OC: 4584552.2280517
rho_0: 15906.764597627795
rho_c: 12502.0
