A_rho: 0.48682047462873257
CP: 1027.9921112323193
DeltaS: 127.0
Deltarho_ICB: 500.0
FeM: 15.0
H: 0.0
K_c: 1403000000000.0
L_rho: 7963426.512385533
Mp: 1.1
P0: 504.22103949999996
Q_CMB: 7400000000000.0
T0: 6679.981149
TL0: 7962.537863780084
XFe: 50.0
alpha_c: 1.3595393153608459e-05
beta: 0.83
chi0: 0.056
dTL_dP: 9.0e-09
dTL_dchi: -21000.0
gamma: 1.2505635135815036
k_c: 163.0
r_IC: 1221000.0
r_IC_0: 3238044.5588917113
r_OC: 3767809.3462097
rho_0: 14888.240182075642
rho_c: 12502.0
