A_rho: 0.4509419427456396
CP: 1012.4384745930099
DeltaS: 127.0
Deltarho_ICB: 500.0
FeM: 15.0
H: 0.0
K_c: 1403000000000.0
L_rho: 8451324.520883363
Mp: 1.5
P0: 745.1767175
Q_CMB: 7400000000000.0
T0: 7785.623654000001
TL0: 9736.777417006751
XFe: 60.0
alpha_c: 1.1457417906014116e-05
beta: 0.83
chi0: 0.056
dTL_dP: 9.0e-09
dTL_dchi: -21000.0
gamma: 1.2275434184231655
k_c: 163.0
r_IC: 1221000.0
r_IC_0: 3980893.151055634
r_OC: 4422129.042312
rho_0: 16522.800575146146
rho_c: 12502.0
