A_rho: 0.45654143373033007
CP: 998.423790408177
DeltaS: 127.0
Deltarho_ICB: 500.0
FeM: 15.0
H: 0.0
K_c: 1403000000000.0
L_rho: 8585760.104614172
Mp: 1.6
P0: 823.8452988
Q_CMB: 7400000000000.0
T0: 7959.2625176
TL0: 10253.26620948006
XFe: 65.0
alpha_c: 1.104777802609256e-05
beta: 0.83
chi0: 0.056
dTL_dP: 9.0e-09
dTL_dchi: -21000.0
gamma: 1.2231584722320912
k_c: 163.0
r_IC: 1221000.0
r_IC_0: 4251592.186440377
r_OC: 4646048.137304401
rho_0: 17004.772924376637
rho_c: 12502.0
