A_rho: 0.44682449486569586
CP: 954.5261304517231
DeltaS: 127.0
Deltarho_ICB: 500.0
FeM: 20.0
H: 0.0
K_c: 1403000000000.0
L_rho: 8772815.84162154
Mp: 1.8
P0: 958.4810448999999
Q_CMB: 7400000000000.0
T0: 7987.679087899999
TL0: 11084.528684785595
XFe: 70.0
alpha_c: 9.948952773686702e-06
beta: 0.83
chi0: 0.056
dTL_dP: 9.0e-09
dTL_dchi: -21000.0
gamma: 1.213400785965401
k_c: 163.0
r_IC: 1221000.0
r_IC_0: 4729294.386361778
r_OC: 4898008.876539599
rho_0: 17795.021023833804
rho_c: 12502.0
