A_rho: 0.48087442264429175
CP: 962.2816542554417
DeltaS: 127.0
Deltarho_ICB: 500.0
FeM: 20.0
H: 0.0
K_c: 1403000000000.0
L_rho: 8415589.92319368
Mp: 1.4
P0: 721.2659236000001
Q_CMB: 7400000000000.0
T0: 7084.040258499999
TL0: 9574.604703099061
XFe: 65.0
alpha_c: 1.1315313595098026e-05
beta: 0.83
chi0: 0.056
dTL_dP: 9.0e-09
dTL_dchi: -21000.0
gamma: 1.2309152680600903
k_c: 163.0
r_IC: 1221000.0
r_IC_0: 4239555.26316602
r_OC: 4441681.7650304
rho_0: 16435.564161138525
rho_c: 12502.0
