A_rho: 0.4965410027449252
CP: 1074.6577117018742
DeltaS: 127.0
Deltarho_ICB: 500.0
FeM: 5.0
H: 0.0
K_c: 1403000000000.0
L_rho: 8314114.715008803
Mp: 1.3
P0: 651.5278481
Q_CMB: 7400000000000.0
T0: 7850.024105500001
TL0: 9086.093483782905
XFe: 60.0
alpha_c: 1.3458216184036945e-05
beta: 0.83
chi0: 0.056
dTL_dP: 9.0e-09
dTL_dchi: -21000.0
gamma: 1.2418000827794309
k_c: 163.0
r_IC: 1221000.0
r_IC_0: 3343409.931573353
r_OC: 4357218.0898645
rho_0: 15874.26057261251
rho_c: 12502.0
