A_rho: 0.49002945619101795
CP: 1051.639010199941
DeltaS: 127.0
Deltarho_ICB: 500.0
FeM: 10.0
H: 0.0
K_c: 1403000000000.0
L_rho: 8148620.006238231
Mp: 1.2
P0: 578.7343965
Q_CMB: 7400000000000.0
T0: 7278.709916
TL0: 8548.276303294888
XFe: 55.0
alpha_c: 1.3463768870107531e-05
beta: 0.83
chi0: 0.056
dTL_dP: 9.0e-09
dTL_dchi: -21000.0
gamma: 1.24557996621078
k_c: 163.0
r_IC: 1221000.0
r_IC_0: 3308528.9025887824
r_OC: 4078273.3307772004
rho_0: 15404.874716772962
rho_c: 12502.0
