A_rho: 0.5988895585372565
CP: 908.1839821686585
DeltaS: 127.0
Deltarho_ICB: 500.0
FeM: 20.0
H: 0.0
K_c: 1403000000000.0
L_rho: 8249616.454144002
Mp: 1.1
P0: 611.2281786
Q_CMB: 7400000000000.0
T0: 5875.873440300001
TL0: 8792.177530724828
XFe: 75.0
alpha_c: 1.2538511834541106e-05
beta: 0.83
chi0: 0.056
dTL_dP: 9.0e-09
dTL_dchi: -21000.0
gamma: 1.2489028696681417
k_c: 163.0
r_IC: 1221000.0
r_IC_0: 4255247.866379209
r_OC: 4431926.4990114
rho_0: 15793.452793302911
rho_c: 12502.0
