A_rho: 0.522908555536238
CP: 997.1597696525091
DeltaS: 127.0
Deltarho_ICB: 500.0
FeM: 15.0
H: 0.0
K_c: 1403000000000.0
L_rho: 8093527.7561513465
Mp: 1.1
P0: 552.7398826
Q_CMB: 7400000000000.0
T0: 6591.4730691
TL0: 8348.33614118007
XFe: 60.0
alpha_c: 1.3304457609486862e-05
beta: 0.83
chi0: 0.056
dTL_dP: 9.0e-09
dTL_dchi: -21000.0
gamma: 1.2493744842248293
k_c: 163.0
r_IC: 1221000.0
r_IC_0: 3653267.8434396614
r_OC: 4072664.2112654997
rho_0: 15283.739984722499
rho_c: 12502.0
