A_rho: 0.4048686338771554
CP: 1028.997439649155
DeltaS: 127.0
Deltarho_ICB: 500.0
FeM: 20.0
H: 0.0
K_c: 1403000000000.0
L_rho: 8046525.533343633
Mp: 1.4
P0: 553.6428132
Q_CMB: 7400000000000.0
T0: 7131.0194663
TL0: 8355.35665325557
XFe: 40.0
alpha_c: 1.1960522445339488e-05
beta: 0.83
chi0: 0.056
dTL_dP: 9.0e-09
dTL_dchi: -21000.0
gamma: 1.2349442618235225
k_c: 163.0
r_IC: 1221000.0
r_IC_0: 3227150.55120723
r_OC: 3537743.7773221
rho_0: 15231.522920575291
rho_c: 12502.0
