A_rho: 0.47235110808795694
CP: 1150.8039667256721
DeltaS: 127.0
Deltarho_ICB: 500.0
FeM: 5.0
H: 0.0
K_c: 1403000000000.0
L_rho: 7614489.796304791
Mp: 1.0
P0: 376.0552755
Q_CMB: 7400000000000.0
T0: 6850.7204747
TL0: 6846.3064119066275
XFe: 30.0
alpha_c: 1.659326670589367e-05
beta: 0.83
chi0: 0.056
dTL_dP: 9.0e-09
dTL_dchi: -21000.0
gamma: 1.2670676708168669
k_c: 163.0
r_IC: 1221000.0
r_IC_0: 0.0
r_OC: 3158786.2246322003
rho_0: 13715.146607496716
rho_c: 12502.0
