A_rho: 0.3965222670258051
CP: 1105.0212238057409
DeltaS: 127.0
Deltarho_ICB: 500.0
FeM: 20.0
H: 0.0
K_c: 1403000000000.0
L_rho: 7263879.594550379
Mp: 1.6
P0: 284.3348267
Q_CMB: 7400000000000.0
T0: 6106.9944178999995
TL0: 5928.2183855702115
XFe: 15.0
alpha_c: 1.4805847769344004e-05
beta: 0.83
chi0: 0.056
dTL_dP: 9.0e-09
dTL_dchi: -21000.0
gamma: 1.2581983579008
k_c: 163.0
r_IC: 1221000.0
r_IC_0: 0.0
r_OC: 960725.3985852
rho_0: 12852.4729722599
rho_c: 12502.0
