A_rho: 0.35773955374046784
CP: 1082.277291853177
DeltaS: 127.0
Deltarho_ICB: 500.0
FeM: 20.0
H: 0.0
K_c: 1403000000000.0
L_rho: 7623334.24095417
Mp: 1.6
P0: 392.00253210000005
Q_CMB: 7400000000000.0
T0: 6742.430357800001
TL0: 6994.319767978276
XFe: 20.0
alpha_c: 1.3093909488244117e-05
beta: 0.83
chi0: 0.056
dTL_dP: 9.0e-09
dTL_dchi: -21000.0
gamma: 1.2436223476234336
k_c: 163.0
r_IC: 1221000.0
r_IC_0: 1556435.834260108
r_OC: 2213544.7123447005
rho_0: 13887.544381691414
rho_c: 12502.0
