A_rho: 0.5229920001539182
CP: 1120.9839903958602
DeltaS: 127.0
Deltarho_ICB: 500.0
FeM: 0.0
H: 0.0
K_c: 1403000000000.0
L_rho: 8086234.006184764
Mp: 1.1
P0: 538.2806124
Q_CMB: 7400000000000.0
T0: 7577.703139
TL0: 8235.144316481932
XFe: 55.0
alpha_c: 1.53518986412478e-05
beta: 0.83
chi0: 0.056
dTL_dP: 9.0e-09
dTL_dchi: -21000.0
gamma: 1.2556135220963662
k_c: 163.0
r_IC: 1221000.0
r_IC_0: 2529827.5403037257
r_OC: 4094392.1156357
rho_0: 15051.871686179222
rho_c: 12502.0
