A_rho: 0.3917252625703419
CP: 1138.8267619783524
DeltaS: 127.0
Deltarho_ICB: 500.0
FeM: 10.0
H: 0.0
K_c: 1403000000000.0
L_rho: 7826022.603344274
Mp: 1.4
P0: 457.0666762
Q_CMB: 7400000000000.0
T0: 7515.9842493
TL0: 7569.918211133821
XFe: 25.0
alpha_c: 1.3963662406981317e-05
beta: 0.83
chi0: 0.056
dTL_dP: 9.0e-09
dTL_dchi: -21000.0
gamma: 1.2457287126228376
k_c: 163.0
r_IC: 1221000.0
r_IC_0: 759077.9852935539
r_OC: 3063733.6264967
rho_0: 14379.486412991777
rho_c: 12502.0
