A_rho: 0.37684112033327294
CP: 1135.5803632657519
DeltaS: 127.0
Deltarho_ICB: 500.0
FeM: 5.0
H: 0.0
K_c: 1403000000000.0
L_rho: 8515952.083447557
Mp: 1.8
P0: 789.4338267
Q_CMB: 7400000000000.0
T0: 9470.666654999999
TL0: 10030.424566771006
XFe: 45.0
alpha_c: 1.1681063711131565e-05
beta: 0.83
chi0: 0.056
dTL_dP: 9.0e-09
dTL_dchi: -21000.0
gamma: 1.2193811805142813
k_c: 163.0
r_IC: 1221000.0
r_IC_0: 2467742.8924384695
r_OC: 4280163.9243134
rho_0: 16631.39750257053
rho_c: 12502.0
