A_rho: 0.47477613713122013
CP: 1015.62474317706
DeltaS: 127.0
Deltarho_ICB: 500.0
FeM: 20.0
H: 0.0
K_c: 1403000000000.0
L_rho: 7673599.978306784
Mp: 1.0
P0: 402.5506837
Q_CMB: 7400000000000.0
T0: 6024.311359
TL0: 7090.621565283105
XFe: 40.0
alpha_c: 1.4134624374696023e-05
beta: 0.83
chi0: 0.056
dTL_dP: 9.0e-09
dTL_dchi: -21000.0
gamma: 1.2587166802555136
k_c: 163.0
r_IC: 1221000.0
r_IC_0: 2903567.165563436
r_OC: 3230179.7102647005
rho_0: 14084.551978265705
rho_c: 12502.0
