A_rho: 0.4307660008400687
CP: 1098.3002430633476
DeltaS: 127.0
Deltarho_ICB: 500.0
FeM: 10.0
H: 0.0
K_c: 1403000000000.0
L_rho: 8031892.754776171
Mp: 1.3
P0: 536.2213379
Q_CMB: 7400000000000.0
T0: 7581.5578671
TL0: 8218.9042639955
XFe: 40.0
alpha_c: 1.3468941025228832e-05
beta: 0.83
chi0: 0.056
dTL_dP: 9.0e-09
dTL_dchi: -21000.0
gamma: 1.2430853318691681
k_c: 163.0
r_IC: 1221000.0
r_IC_0: 2488008.9668548997
r_OC: 3672352.4993458
rho_0: 15037.852169908794
rho_c: 12502.0
