A_rho: 0.26375825101763245
CP: 1148.3558013029945
DeltaS: 127.0
Deltarho_ICB: 500.0
FeM: 10.0
H: 0.0
K_c: 1403000000000.0
L_rho: 7570023.5435181465
Mp: 1.3
P0: 381.2284808
Q_CMB: 7400000000000.0
T0: 7038.5461016
TL0: 6894.649033351796
XFe: 20.0
alpha_c: 1.5087384043017261e-05
beta: 0.83
chi0: 0.056
dTL_dP: 9.0e-09
dTL_dchi: -21000.0
gamma: 1.2557501141589684
k_c: 163.0
r_IC: 1221000.0
r_IC_0: 0.0
r_OC: 2694766.7087343
rho_0: 13737.976213297625
rho_c: 12502.0
