A_rho: 0.3892775091383821
CP: 1257.6259063602079
DeltaS: 127.0
Deltarho_ICB: 500.0
FeM: 0.0
H: 0.0
K_c: 1403000000000.0
L_rho: 7715628.657088548
Mp: 1.4
P0: 410.3364233
Q_CMB: 7400000000000.0
T0: 8021.171307500001
TL0: 7160.9204579190355
XFe: 15.0
alpha_c: 1.610451159022211e-05
beta: 0.83
chi0: 0.056
dTL_dP: 9.0e-09
dTL_dchi: -21000.0
gamma: 1.2548513846941272
k_c: 163.0
r_IC: 1221000.0
r_IC_0: 0.0
r_OC: 2859770.790548
rho_0: 13872.593432133204
rho_c: 12502.0
