A_rho: 0.515629643920951
CP: 1069.4640519983386
DeltaS: 127.0
Deltarho_ICB: 500.0
FeM: 5.0
H: 0.0
K_c: 1403000000000.0
L_rho: 8222638.077533259
Mp: 1.2
P0: 603.8570386
Q_CMB: 7400000000000.0
T0: 7518.365723399999
TL0: 8737.411558468053
XFe: 60.0
alpha_c: 1.3961504121764924e-05
beta: 0.83
chi0: 0.056
dTL_dP: 9.0e-09
dTL_dchi: -21000.0
gamma: 1.2473308869088018
k_c: 163.0
r_IC: 1221000.0
r_IC_0: 3287003.935380763
r_OC: 4266581.0636539
rho_0: 15564.714519750118
rho_c: 12502.0
