A_rho: 0.5245944831674522
CP: 1015.4780224800783
DeltaS: 127.0
Deltarho_ICB: 500.0
FeM: 5.0
H: 0.0
K_c: 1403000000000.0
L_rho: 8723141.720369052
Mp: 1.6
P0: 877.7049079
Q_CMB: 7400000000000.0
T0: 8219.193790199999
TL0: 10593.176433355764
XFe: 75.0
alpha_c: 1.2011009403731783e-05
beta: 0.83
chi0: 0.056
dTL_dP: 9.0e-09
dTL_dchi: -21000.0
gamma: 1.2286758601254695
k_c: 163.0
r_IC: 1221000.0
r_IC_0: 4344858.522897288
r_OC: 4999616.9117377
rho_0: 17300.929076398734
rho_c: 12502.0
