A_rho: 0.4185745121464164
CP: 1040.922278886786
DeltaS: 127.0
Deltarho_ICB: 500.0
FeM: 15.0
H: 0.0
K_c: 1403000000000.0
L_rho: 8320290.780740999
Mp: 1.5
P0: 680.4177852000001
Q_CMB: 7400000000000.0
T0: 7855.938692399999
TL0: 9291.400440701915
XFe: 50.0
alpha_c: 1.164101921535629e-05
beta: 0.83
chi0: 0.056
dTL_dP: 9.0e-09
dTL_dchi: -21000.0
gamma: 1.2283630395427008
k_c: 163.0
r_IC: 1221000.0
r_IC_0: 3540552.7799733994
r_OC: 4096539.0939412992
rho_0: 16080.068387163801
rho_c: 12502.0
