A_rho: 0.5010520821162815
CP: 1058.1752675759749
DeltaS: 127.0
Deltarho_ICB: 500.0
FeM: 5.0
H: 0.0
K_c: 1403000000000.0
L_rho: 8458302.332981031
Mp: 1.4
P0: 726.0189737000001
Q_CMB: 7400000000000.0
T0: 8049.209540299999
TL0: 9607.04708564334
XFe: 65.0
alpha_c: 1.2900328531261523e-05
beta: 0.83
chi0: 0.056
dTL_dP: 9.0e-09
dTL_dchi: -21000.0
gamma: 1.236636171690637
k_c: 163.0
r_IC: 1221000.0
r_IC_0: 3691600.2675080923
r_OC: 4580176.6649115
rho_0: 16365.540107236722
rho_c: 12502.0
