A_rho: 0.49080488595889227
CP: 947.5250539982112
DeltaS: 127.0
Deltarho_ICB: 500.0
FeM: 20.0
H: 0.0
K_c: 1403000000000.0
L_rho: 8554549.786653278
Mp: 1.5
P0: 799.65089
Q_CMB: 7400000000000.0
T0: 7212.3387606999995
TL0: 10097.071536949088
XFe: 70.0
alpha_c: 1.0916527785924606e-05
beta: 0.83
chi0: 0.056
dTL_dP: 9.0e-09
dTL_dchi: -21000.0
gamma: 1.226623028737981
k_c: 163.0
r_IC: 1221000.0
r_IC_0: 4489349.740672683
r_OC: 4671356.2644472
rho_0: 16925.82377641621
rho_c: 12502.0
