A_rho: 0.5802025768598109
CP: 976.8130244272437
DeltaS: 127.0
Deltarho_ICB: 500.0
FeM: 5.0
H: 0.0
K_c: 1403000000000.0
L_rho: 8698883.993823823
Mp: 1.5
P0: 844.4912276
Q_CMB: 7400000000000.0
T0: 7555.056039499999
TL0: 10384.801814409166
XFe: 80.0
alpha_c: 1.2291444781090744e-05
beta: 0.83
chi0: 0.056
dTL_dP: 9.0e-09
dTL_dchi: -21000.0
gamma: 1.2344297101241293
k_c: 163.0
r_IC: 1221000.0
r_IC_0: 4514623.3902860815
r_OC: 5033831.3985226
rho_0: 17162.01566094293
rho_c: 12502.0
