A_rho: 0.5988501144664159
CP: 971.0905447878168
DeltaS: 127.0
Deltarho_ICB: 500.0
FeM: 5.0
H: 0.0
K_c: 1403000000000.0
L_rho: 8617687.790867532
Mp: 1.4
P0: 790.2050673
Q_CMB: 7400000000000.0
T0: 7250.6890108
TL0: 10035.469992826182
XFe: 80.0
alpha_c: 1.2648261562988096e-05
beta: 0.83
chi0: 0.056
dTL_dP: 9.0e-09
dTL_dchi: -21000.0
gamma: 1.239072689173485
k_c: 163.0
r_IC: 1221000.0
r_IC_0: 4439344.051498134
r_OC: 4944604.2370833
rho_0: 16856.209208369004
rho_c: 12502.0
