A_rho: 0.4453176157842641
CP: 1109.8674182886214
DeltaS: 127.0
Deltarho_ICB: 500.0
FeM: 0.0
H: 0.0
K_c: 1403000000000.0
L_rho: 8770170.346079864
Mp: 1.8
P0: 928.8250937000001
Q_CMB: 7400000000000.0
T0: 9658.797161
TL0: 10906.557504051192
XFe: 65.0
alpha_c: 1.1970493809626711e-05
beta: 0.83
chi0: 0.056
dTL_dP: 9.0e-09
dTL_dchi: -21000.0
gamma: 1.2207366813442242
k_c: 163.0
r_IC: 1221000.0
r_IC_0: 3526596.2801161264
r_OC: 4933703.3709727
rho_0: 17463.431047137132
rho_c: 12502.0
