A_rho: 0.4667317730343456
CP: 1009.8759007675129
DeltaS: 127.0
Deltarho_ICB: 500.0
FeM: 15.0
H: 0.0
K_c: 1403000000000.0
L_rho: 8367737.451516945
Mp: 1.4
P0: 695.240533
Q_CMB: 7400000000000.0
T0: 7497.5009956
TL0: 9395.097307152497
XFe: 60.0
alpha_c: 1.1871654951557736e-05
beta: 0.83
chi0: 0.056
dTL_dP: 9.0e-09
dTL_dchi: -21000.0
gamma: 1.2326034830064232
k_c: 163.0
r_IC: 1221000.0
r_IC_0: 3899936.382069069
r_OC: 4338238.4543699
rho_0: 16218.907742030158
rho_c: 12502.0
