A_rho: 0.3990960040303395
CP: 1164.7114533646359
DeltaS: 127.0
Deltarho_ICB: 500.0
FeM: 10.0
H: 0.0
K_c: 1403000000000.0
L_rho: 7442233.266501431
Mp: 1.3
P0: 330.0168063
Q_CMB: 7400000000000.0
T0: 6761.325740100001
TL0: 6400.999360318822
XFe: 15.0
alpha_c: 1.592056837204334e-05
beta: 0.83
chi0: 0.056
dTL_dP: 9.0e-09
dTL_dchi: -21000.0
gamma: 1.2619235373151927
k_c: 163.0
r_IC: 1221000.0
r_IC_0: 0.0
r_OC: 2278280.6612168
rho_0: 13255.109993207197
rho_c: 12502.0
