A_rho: 0.36875970629988114
CP: 1185.2978982000714
DeltaS: 127.0
Deltarho_ICB: 500.0
FeM: 5.0
H: 0.0
K_c: 1403000000000.0
L_rho: 8038047.949957915
Mp: 1.6
P0: 541.2183504
Q_CMB: 7400000000000.0
T0: 8502.483648399999
TL0: 8258.260128661506
XFe: 25.0
alpha_c: 1.3479686736133813e-05
beta: 0.83
chi0: 0.056
dTL_dP: 9.0e-09
dTL_dchi: -21000.0
gamma: 1.23643991904546
k_c: 163.0
r_IC: 1221000.0
r_IC_0: 0.0
r_OC: 3345502.9104791
rho_0: 14959.3848490035
rho_c: 12502.0
