A_rho: 0.617568327389934
CP: 885.6529100150366
DeltaS: 127.0
Deltarho_ICB: 500.0
FeM: 20.0
H: 0.0
K_c: 1403000000000.0
L_rho: 8404465.064504692
Mp: 1.2
P0: 681.9023268
Q_CMB: 7400000000000.0
T0: 5882.9376075
TL0: 9301.835034049505
XFe: 80.0
alpha_c: 1.202717077738679e-05
beta: 0.83
chi0: 0.056
dTL_dP: 9.0e-09
dTL_dchi: -21000.0
gamma: 1.2444800879202986
k_c: 163.0
r_IC: 1221000.0
r_IC_0: 4498873.946921762
r_OC: 4663320.0437247
rho_0: 16283.679941463344
rho_c: 12502.0
