A_rho: 0.44612723367123086
CP: 1064.0744031252548
DeltaS: 127.0
Deltarho_ICB: 500.0
FeM: 20.0
H: 0.0
K_c: 1403000000000.0
L_rho: 7133618.557888862
Mp: 1.0
P0: 253.57792489999997
Q_CMB: 7400000000000.0
T0: 5417.6838942
TL0: 5588.806942772947
XFe: 20.0
alpha_c: 1.6520903379992778e-05
beta: 0.83
chi0: 0.056
dTL_dP: 9.0e-09
dTL_dchi: -21000.0
gamma: 1.2765698869817936
k_c: 163.0
r_IC: 1221000.0
r_IC_0: 1209373.8843393568
r_OC: 1951485.2127604
rho_0: 12600.53696629401
rho_c: 12502.0
