A_rho: 0.3956707557892625
CP: 1065.6300824490143
DeltaS: 127.0
Deltarho_ICB: 500.0
FeM: 15.0
H: 0.0
K_c: 1403000000000.0
L_rho: 8163060.842134098
Mp: 1.5
P0: 604.8256526
Q_CMB: 7400000000000.0
T0: 7768.799557800001
TL0: 8744.626582795496
XFe: 40.0
alpha_c: 1.1989110959412245e-05
beta: 0.83
chi0: 0.056
dTL_dP: 9.0e-09
dTL_dchi: -21000.0
gamma: 1.231131907290703
k_c: 163.0
r_IC: 1221000.0
r_IC_0: 3008330.276191233
r_OC: 3714505.2027144996
rho_0: 15546.785095942934
rho_c: 12502.0
