A_rho: 0.4056668535450116
CP: 1113.6630183046466
DeltaS: 127.0
Deltarho_ICB: 500.0
FeM: 10.0
H: 0.0
K_c: 1403000000000.0
L_rho: 8032609.003721753
Mp: 1.4
P0: 539.541438
Q_CMB: 7400000000000.0
T0: 7795.746672
TL0: 8245.07269336459
XFe: 35.0
alpha_c: 1.3218862359066759e-05
beta: 0.83
chi0: 0.056
dTL_dP: 9.0e-09
dTL_dchi: -21000.0
gamma: 1.2396824995843545
k_c: 163.0
r_IC: 1221000.0
r_IC_0: 2135949.033143422
r_OC: 3547633.6289427
rho_0: 15037.936425313901
rho_c: 12502.0
