A_rho: 0.5428588182907268
CP: 1100.6116699109955
DeltaS: 127.0
Deltarho_ICB: 500.0
FeM: 0.0
H: 0.0
K_c: 1403000000000.0
L_rho: 8137859.142873109
Mp: 1.1
P0: 557.1119827
Q_CMB: 7400000000000.0
T0: 7481.770694399999
TL0: 8382.278800413022
XFe: 60.0
alpha_c: 1.5200299303148704e-05
beta: 0.83
chi0: 0.056
dTL_dP: 9.0e-09
dTL_dchi: -21000.0
gamma: 1.2553648342130543
k_c: 163.0
r_IC: 1221000.0
r_IC_0: 2894030.1172763645
r_OC: 4213424.5283482
rho_0: 15211.811382127506
rho_c: 12502.0
