A_rho: 0.47189683457098536
CP: 995.605251142311
DeltaS: 127.0
Deltarho_ICB: 500.0
FeM: 15.0
H: 0.0
K_c: 1403000000000.0
L_rho: 8510411.042351937
Mp: 1.5
P0: 773.818554
Q_CMB: 7400000000000.0
T0: 7682.4933088
TL0: 9927.750880832102
XFe: 65.0
alpha_c: 1.1410368121095065e-05
beta: 0.83
chi0: 0.056
dTL_dP: 9.0e-09
dTL_dchi: -21000.0
gamma: 1.2277891554864082
k_c: 163.0
r_IC: 1221000.0
r_IC_0: 4178962.0816568374
r_OC: 4570492.5609885
rho_0: 16717.607863082376
rho_c: 12502.0
