A_rho: 0.48330997580802804
CP: 962.0637749451579
DeltaS: 127.0
Deltarho_ICB: 500.0
FeM: 15.0
H: 0.0
K_c: 1403000000000.0
L_rho: 8840736.080377227
Mp: 1.8
P0: 987.7326655999999
Q_CMB: 7400000000000.0
T0: 8102.6150919
TL0: 11257.475590545819
XFe: 75.0
alpha_c: 1.0408176006065553e-05
beta: 0.83
chi0: 0.056
dTL_dP: 9.0e-09
dTL_dchi: -21000.0
gamma: 1.216503591668598
k_c: 163.0
r_IC: 1221000.0
r_IC_0: 4777928.523562041
r_OC: 5081327.6666946
rho_0: 17945.69088612768
rho_c: 12502.0
