A_rho: 0.35123087096927297
CP: 1174.2731666470545
DeltaS: 127.0
Deltarho_ICB: 500.0
FeM: 5.0
H: 0.0
K_c: 1403000000000.0
L_rho: 8276547.898628682
Mp: 1.8
P0: 657.9215356000001
Q_CMB: 7400000000000.0
T0: 9197.9059861
TL0: 9131.904836189145
XFe: 30.0
alpha_c: 1.2290160729237968e-05
beta: 0.83
chi0: 0.056
dTL_dP: 9.0e-09
dTL_dchi: -21000.0
gamma: 1.2245511420746096
k_c: 163.0
r_IC: 1221000.0
r_IC_0: 0.0
r_OC: 3695185.6480394998
rho_0: 15764.718054830566
rho_c: 12502.0
