A_rho: 0.3632760926301747
CP: 1022.9818810239983
DeltaS: 127.0
Deltarho_ICB: 500.0
FeM: 20.0
H: 0.0
K_c: 1403000000000.0
L_rho: 8426958.944903456
Mp: 1.8
P0: 757.2489091
Q_CMB: 7400000000000.0
T0: 8196.3969419
TL0: 9817.69695232758
XFe: 45.0
alpha_c: 1.024070596264624e-05
beta: 0.83
chi0: 0.056
dTL_dP: 9.0e-09
dTL_dchi: -21000.0
gamma: 1.2144273874407876
k_c: 163.0
r_IC: 1221000.0
r_IC_0: 3745315.2682414018
r_OC: 4003280.2716021
rho_0: 16562.179919108414
rho_c: 12502.0
