A_rho: 0.5385627341915024
CP: 922.76568235371
DeltaS: 127.0
Deltarho_ICB: 500.0
FeM: 20.0
H: 0.0
K_c: 1403000000000.0
L_rho: 8528034.901697464
Mp: 1.4
P0: 769.8577474
Q_CMB: 7400000000000.0
T0: 6731.195179
TL0: 9901.548382825415
XFe: 75.0
alpha_c: 1.1278656844409443e-05
beta: 0.83
chi0: 0.056
dTL_dP: 9.0e-09
dTL_dchi: -21000.0
gamma: 1.2326260311667232
k_c: 163.0
r_IC: 1221000.0
r_IC_0: 4550529.942972125
r_OC: 4723507.515928401
rho_0: 16781.86999744444
rho_c: 12502.0
