A_rho: 0.5278607639864166
CP: 1131.970925251671
DeltaS: 127.0
Deltarho_ICB: 500.0
FeM: 0.0
H: 0.0
K_c: 1403000000000.0
L_rho: 7925451.927484852
Mp: 1.0
P0: 474.0962442
Q_CMB: 7400000000000.0
T0: 7266.1068338
TL0: 7713.881615884045
XFe: 50.0
alpha_c: 1.6181469680093534e-05
beta: 0.83
chi0: 0.056
dTL_dP: 9.0e-09
dTL_dchi: -21000.0
gamma: 1.2625656584520661
k_c: 163.0
r_IC: 1221000.0
r_IC_0: 2101193.745482736
r_OC: 3867789.7384927003
rho_0: 14559.373128026129
rho_c: 12502.0
