A_rho: 0.5140279812776342
CP: 972.7266003554579
DeltaS: 127.0
Deltarho_ICB: 500.0
FeM: 15.0
H: 0.0
K_c: 1403000000000.0
L_rho: 8484182.746507
Mp: 1.4
P0: 747.2253611000001
Q_CMB: 7400000000000.0
T0: 7238.4036083
TL0: 9750.553963616765
XFe: 70.0
alpha_c: 1.1770128460340708e-05
beta: 0.83
chi0: 0.056
dTL_dP: 9.0e-09
dTL_dchi: -21000.0
gamma: 1.2333644957194356
k_c: 163.0
r_IC: 1221000.0
r_IC_0: 4281405.338176178
r_OC: 4624832.914607599
rho_0: 16588.747761798535
rho_c: 12502.0
