A_rho: 0.6180199848535567
CP: 965.7289122254409
DeltaS: 127.0
Deltarho_ICB: 500.0
FeM: 5.0
H: 0.0
K_c: 1403000000000.0
L_rho: 8526458.590369143
Mp: 1.3
P0: 733.8782074
Q_CMB: 7400000000000.0
T0: 6941.135696799999
TL0: 9660.465858144127
XFe: 80.0
alpha_c: 1.3048189696829348e-05
beta: 0.83
chi0: 0.056
dTL_dP: 9.0e-09
dTL_dchi: -21000.0
gamma: 1.2441084165487732
k_c: 163.0
r_IC: 1221000.0
r_IC_0: 4349885.221532879
r_OC: 4843134.532313901
rho_0: 16525.201551398106
rho_c: 12502.0
