A_rho: 0.41489552023508586
CP: 1118.0615483630422
DeltaS: 127.0
Deltarho_ICB: 500.0
FeM: 5.0
H: 0.0
K_c: 1403000000000.0
L_rho: 8442980.12671611
Mp: 1.6
P0: 737.6587677
Q_CMB: 7400000000000.0
T0: 8907.4838182
TL0: 9686.063265687588
XFe: 50.0
alpha_c: 1.2319324218407327e-05
beta: 0.83
chi0: 0.056
dTL_dP: 9.0e-09
dTL_dchi: -21000.0
gamma: 1.227346391956515
k_c: 163.0
r_IC: 1221000.0
r_IC_0: 2828684.841602177
r_OC: 4314038.119553501
rho_0: 16352.620163480166
rho_c: 12502.0
