A_rho: 0.5958825958505759
CP: 951.9191668701204
DeltaS: 127.0
Deltarho_ICB: 500.0
FeM: 15.0
H: 0.0
K_c: 1403000000000.0
L_rho: 8095273.406064016
Mp: 1.0
P0: 541.1256837000001
Q_CMB: 7400000000000.0
T0: 6009.8829228
TL0: 8257.531904632388
XFe: 70.0
alpha_c: 1.3659934652796035e-05
beta: 0.83
chi0: 0.056
dTL_dP: 9.0e-09
dTL_dchi: -21000.0
gamma: 1.2561713824630418
k_c: 163.0
r_IC: 1221000.0
r_IC_0: 3899984.533737886
r_OC: 4223488.9640631005
rho_0: 15255.967122893135
rho_c: 12502.0
