A_rho: 0.6107464081631986
CP: 1009.3580588346064
DeltaS: 127.0
Deltarho_ICB: 500.0
FeM: 5.0
H: 0.0
K_c: 1403000000000.0
L_rho: 8118380.498924555
Mp: 1.0
P0: 541.7784191000001
Q_CMB: 7400000000000.0
T0: 6515.0480997
TL0: 8262.660158629844
XFe: 70.0
alpha_c: 1.4814614150429323e-05
beta: 0.83
chi0: 0.056
dTL_dP: 9.0e-09
dTL_dchi: -21000.0
gamma: 1.2598119595483788
k_c: 163.0
r_IC: 1221000.0
r_IC_0: 3638138.6530809654
r_OC: 4293269.2700024005
rho_0: 15203.591288782665
rho_c: 12502.0
