A_rho: 0.4261276652572354
CP: 1087.9762280620769
DeltaS: 127.0
Deltarho_ICB: 500.0
FeM: 10.0
H: 0.0
K_c: 1403000000000.0
L_rho: 8194257.306480478
Mp: 1.4
P0: 610.5780453
Q_CMB: 7400000000000.0
T0: 7922.226174400001
TL0: 8787.360107680182
XFe: 45.0
alpha_c: 1.2761285942977697e-05
beta: 0.83
chi0: 0.056
dTL_dP: 9.0e-09
dTL_dchi: -21000.0
gamma: 1.2361885100851417
k_c: 163.0
r_IC: 1221000.0
r_IC_0: 2878105.671779379
r_OC: 3929299.8216254995
rho_0: 15570.558761684028
rho_c: 12502.0
