A_rho: 0.5249582415448624
CP: 1007.8969258391718
DeltaS: 127.0
Deltarho_ICB: 500.0
FeM: 15.0
H: 0.0
K_c: 1403000000000.0
L_rho: 7923149.847059968
Mp: 1.0
P0: 483.39928269999996
Q_CMB: 7400000000000.0
T0: 6329.1259081
TL0: 7791.468248898548
XFe: 55.0
alpha_c: 1.4033426039447054e-05
beta: 0.83
chi0: 0.056
dTL_dP: 9.0e-09
dTL_dchi: -21000.0
gamma: 1.2562878407577946
k_c: 163.0
r_IC: 1221000.0
r_IC_0: 3360163.027232194
r_OC: 3822891.2476157006
rho_0: 14757.193798875294
rho_c: 12502.0
