A_rho: 0.4050366803853204
CP: 1192.168836711322
DeltaS: 127.0
Deltarho_ICB: 500.0
FeM: 5.0
H: 0.0
K_c: 1403000000000.0
L_rho: 7689391.25709235
Mp: 1.3
P0: 404.1358566
Q_CMB: 7400000000000.0
T0: 7494.002938500001
TL0: 7104.9874870967515
XFe: 20.0
alpha_c: 1.5541217454219466e-05
beta: 0.83
chi0: 0.056
dTL_dP: 9.0e-09
dTL_dchi: -21000.0
gamma: 1.2554637465001297
k_c: 163.0
r_IC: 1221000.0
r_IC_0: 0.0
r_OC: 2902735.1488953
rho_0: 13893.686455491106
rho_c: 12502.0
