A_rho: 0.4771193911683801
CP: 986.6874772455908
DeltaS: 127.0
Deltarho_ICB: 500.0
FeM: 20.0
H: 0.0
K_c: 1403000000000.0
L_rho: 8107503.879589574
Mp: 1.2
P0: 570.0368308
Q_CMB: 7400000000000.0
T0: 6659.0662845
TL0: 8481.872045605558
XFe: 55.0
alpha_c: 1.2376417491311883e-05
beta: 0.83
chi0: 0.056
dTL_dP: 9.0e-09
dTL_dchi: -21000.0
gamma: 1.2420454143428736
k_c: 163.0
r_IC: 1221000.0
r_IC_0: 3711563.221679584
r_OC: 3952872.1244925004
rho_0: 15410.383265661942
rho_c: 12502.0
