A_rho: 0.4485936692389403
CP: 1113.5356231162818
DeltaS: 127.0
Deltarho_ICB: 500.0
FeM: 15.0
H: 0.0
K_c: 1403000000000.0
L_rho: 7035261.430676595
Mp: 1.0
P0: 230.42660959999998
Q_CMB: 7400000000000.0
T0: 5526.799388699999
TL0: 5319.931235779732
XFe: 15.0
alpha_c: 1.7917631224060927e-05
beta: 0.83
chi0: 0.056
dTL_dP: 9.0e-09
dTL_dchi: -21000.0
gamma: 1.2828543829853594
k_c: 163.0
r_IC: 1221000.0
r_IC_0: 0.0
r_OC: 1728601.5487658002
rho_0: 12292.001054266715
rho_c: 12502.0
