A_rho: 0.42926632704353207
CP: 1115.9148635686859
DeltaS: 127.0
Deltarho_ICB: 500.0
FeM: 5.0
H: 0.0
K_c: 1403000000000.0
L_rho: 8364435.783363832
Mp: 1.5
P0: 691.2070464
Q_CMB: 7400000000000.0
T0: 8602.2417017
TL0: 9366.986949199729
XFe: 50.0
alpha_c: 1.275085087768247e-05
beta: 0.83
chi0: 0.056
dTL_dP: 9.0e-09
dTL_dchi: -21000.0
gamma: 1.2321875329429415
k_c: 163.0
r_IC: 1221000.0
r_IC_0: 2785371.2938743285
r_OC: 4237672.443571299
rho_0: 16070.059413733985
rho_c: 12502.0
