A_rho: 0.44970989544666523
CP: 1150.488909934053
DeltaS: 127.0
Deltarho_ICB: 500.0
FeM: 10.0
H: 0.0
K_c: 1403000000000.0
L_rho: 7172019.239778936
Mp: 1.0
P0: 259.4737069
Q_CMB: 7400000000000.0
T0: 5985.036994
TL0: 5655.35397195506
XFe: 15.0
alpha_c: 1.8015536668943276e-05
beta: 0.83
chi0: 0.056
dTL_dP: 9.0e-09
dTL_dchi: -21000.0
gamma: 1.2799189144668321
k_c: 163.0
r_IC: 1221000.0
r_IC_0: 0.0
r_OC: 2121147.9545952
rho_0: 12577.203694638727
rho_c: 12502.0
