A_rho: 0.34788908545216995
CP: 1131.6903685397708
DeltaS: 127.0
Deltarho_ICB: 500.0
FeM: 10.0
H: 0.0
K_c: 1403000000000.0
L_rho: 8225524.397446519
Mp: 1.8
P0: 637.5031934
Q_CMB: 7400000000000.0
T0: 8710.766007600001
TL0: 8984.835540320355
XFe: 30.0
alpha_c: 1.1810979363473239e-05
beta: 0.83
chi0: 0.056
dTL_dP: 9.0e-09
dTL_dchi: -21000.0
gamma: 1.2235551784548502
k_c: 163.0
r_IC: 1221000.0
r_IC_0: 1733382.2665126564
r_OC: 3549408.3000029
rho_0: 15676.137280959576
rho_c: 12502.0
