A_rho: 0.3880005777299398
CP: 1170.5221413305903
DeltaS: 127.0
Deltarho_ICB: 500.0
FeM: 5.0
H: 0.0
K_c: 1403000000000.0
L_rho: 8062875.065648759
Mp: 1.5
P0: 550.3349393999999
Q_CMB: 7400000000000.0
T0: 8380.915323899999
TL0: 8329.609919879533
XFe: 30.0
alpha_c: 1.3592905786994702e-05
beta: 0.83
chi0: 0.056
dTL_dP: 9.0e-09
dTL_dchi: -21000.0
gamma: 1.2383392356297311
k_c: 163.0
r_IC: 1221000.0
r_IC_0: 0.0
r_OC: 3520291.0665120003
rho_0: 15048.913192590097
rho_c: 12502.0
