A_rho: 0.435150202747229
CP: 1143.5828565419606
DeltaS: 127.0
Deltarho_ICB: 500.0
FeM: 0.0
H: 0.0
K_c: 1403000000000.0
L_rho: 8524029.81444658
Mp: 1.6
P0: 773.4603904
Q_CMB: 7400000000000.0
T0: 9274.4123609
TL0: 9925.38414839986
XFe: 55.0
alpha_c: 1.2831821029906904e-05
beta: 0.83
chi0: 0.056
dTL_dP: 9.0e-09
dTL_dchi: -21000.0
gamma: 1.2290228847600977
k_c: 163.0
r_IC: 1221000.0
r_IC_0: 2636760.957326453
r_OC: 4526896.8441994
rho_0: 16546.955748704706
rho_c: 12502.0
