A_rho: 0.3841177801319339
CP: 1082.204653395943
DeltaS: 127.0
Deltarho_ICB: 500.0
FeM: 10.0
H: 0.0
K_c: 1403000000000.0
L_rho: 8557087.396385148
Mp: 1.8
P0: 820.1566277000001
Q_CMB: 7400000000000.0
T0: 9055.707854100001
TL0: 10229.597964237457
XFe: 50.0
alpha_c: 1.1037884721079161e-05
beta: 0.83
chi0: 0.056
dTL_dP: 9.0e-09
dTL_dchi: -21000.0
gamma: 1.2166926883081757
k_c: 163.0
r_IC: 1221000.0
r_IC_0: 3379487.9248037837
r_OC: 4367854.3116804
rho_0: 16872.475741001854
rho_c: 12502.0
