A_rho: 0.4115780355691198
CP: 1072.9437424311116
DeltaS: 127.0
Deltarho_ICB: 500.0
FeM: 20.0
H: 0.0
K_c: 1403000000000.0
L_rho: 7319971.552355105
Mp: 1.2
P0: 300.1072211
Q_CMB: 7400000000000.0
T0: 5895.4725208
TL0: 6095.356112916257
XFe: 20.0
alpha_c: 1.5158187881710911e-05
beta: 0.83
chi0: 0.056
dTL_dP: 9.0e-09
dTL_dchi: -21000.0
gamma: 1.2641126101853255
k_c: 163.0
r_IC: 1221000.0
r_IC_0: 1339991.2820725336
r_OC: 2055387.4008146
rho_0: 13064.904489910305
rho_c: 12502.0
