A_rho: 0.41116246069909723
CP: 1038.0766548021343
DeltaS: 127.0
Deltarho_ICB: 500.0
FeM: 20.0
H: 0.0
K_c: 1403000000000.0
L_rho: 7862193.520484409
Mp: 1.3
P0: 476.051155
Q_CMB: 7400000000000.0
T0: 6767.794054100001
TL0: 7730.246277544406
XFe: 35.0
alpha_c: 1.2734799469341262e-05
beta: 0.83
chi0: 0.056
dTL_dP: 9.0e-09
dTL_dchi: -21000.0
gamma: 1.2429181373698777
k_c: 163.0
r_IC: 1221000.0
r_IC_0: 2875473.5188526935
r_OC: 3230504.2656615004
rho_0: 14643.595920128288
rho_c: 12502.0
