A_rho: 0.3584094628856917
CP: 1069.2967496797498
DeltaS: 127.0
Deltarho_ICB: 500.0
FeM: 15.0
H: 0.0
K_c: 1403000000000.0
L_rho: 8374428.14788581
Mp: 1.8
P0: 722.0151886
Q_CMB: 7400000000000.0
T0: 8529.0153501
TL0: 9579.725749976185
XFe: 40.0
alpha_c: 1.0848348657582926e-05
beta: 0.83
chi0: 0.056
dTL_dP: 9.0e-09
dTL_dchi: -21000.0
gamma: 1.2175356224553888
k_c: 163.0
r_IC: 1221000.0
r_IC_0: 3173071.693899413
r_OC: 3892086.7213686006
rho_0: 16292.072792258361
rho_c: 12502.0
