A_rho: 0.392927711266574
CP: 1032.578316790391
DeltaS: 127.0
Deltarho_ICB: 500.0
FeM: 15.0
H: 0.0
K_c: 1403000000000.0
L_rho: 8603484.188696638
Mp: 1.8
P0: 854.2284612999999
Q_CMB: 7400000000000.0
T0: 8644.212202200002
TL0: 10446.296383589095
XFe: 55.0
alpha_c: 1.0461724969438414e-05
beta: 0.83
chi0: 0.056
dTL_dP: 9.0e-09
dTL_dchi: -21000.0
gamma: 1.2142518636331596
k_c: 163.0
r_IC: 1221000.0
r_IC_0: 3964823.8872234155
r_OC: 4469334.0107756
rho_0: 17125.567773073897
rho_c: 12502.0
