A_rho: 0.43452049884362615
CP: 1158.0924369671632
DeltaS: 127.0
Deltarho_ICB: 500.0
FeM: 0.0
H: 0.0
K_c: 1403000000000.0
L_rho: 8387606.373830238
Mp: 1.5
P0: 696.6507472999999
Q_CMB: 7400000000000.0
T0: 8999.4355363
TL0: 9404.906766725455
XFe: 50.0
alpha_c: 1.3382678721815992e-05
beta: 0.83
chi0: 0.056
dTL_dP: 9.0e-09
dTL_dchi: -21000.0
gamma: 1.2342426884306732
k_c: 163.0
r_IC: 1221000.0
r_IC_0: 2107839.967059407
r_OC: 4308092.3569275
rho_0: 16061.142083266834
rho_c: 12502.0
