A_rho: 0.4024818094415155
CP: 1097.5510639758168
DeltaS: 127.0
Deltarho_ICB: 500.0
FeM: 15.0
H: 0.0
K_c: 1403000000000.0
L_rho: 7675310.56445538
Mp: 1.3
P0: 405.47839760000005
Q_CMB: 7400000000000.0
T0: 6829.8319445
TL0: 7117.133151905655
XFe: 25.0
alpha_c: 1.4069156934206209e-05
beta: 0.83
chi0: 0.056
dTL_dP: 9.0e-09
dTL_dchi: -21000.0
gamma: 1.2509770619296232
k_c: 163.0
r_IC: 1221000.0
r_IC_0: 1669673.3588035516
r_OC: 2815324.6407636004
rho_0: 14003.295080095006
rho_c: 12502.0
