A_rho: 0.5383498753493068
CP: 1048.4570743711504
DeltaS: 127.0
Deltarho_ICB: 500.0
FeM: 5.0
H: 0.0
K_c: 1403000000000.0
L_rho: 8276513.229426501
Mp: 1.2
P0: 624.8798054
Q_CMB: 7400000000000.0
T0: 7392.7139412
TL0: 8892.766856646147
XFe: 65.0
alpha_c: 1.3848766714419291e-05
beta: 0.83
chi0: 0.056
dTL_dP: 9.0e-09
dTL_dchi: -21000.0
gamma: 1.2473807539639103
k_c: 163.0
r_IC: 1221000.0
r_IC_0: 3555812.418225469
r_OC: 4392344.6252068
rho_0: 15732.48790681528
rho_c: 12502.0
