A_rho: 0.5213087855576888
CP: 1092.5977372292082
DeltaS: 127.0
Deltarho_ICB: 500.0
FeM: 5.0
H: 0.0
K_c: 1403000000000.0
L_rho: 7903784.884529529
Mp: 1.0
P0: 470.26320030000005
Q_CMB: 7400000000000.0
T0: 6953.8331241999995
TL0: 7681.699726382415
XFe: 50.0
alpha_c: 1.5461432595038824e-05
beta: 0.83
chi0: 0.056
dTL_dP: 9.0e-09
dTL_dchi: -21000.0
gamma: 1.2605968000142163
k_c: 163.0
r_IC: 1221000.0
r_IC_0: 2583678.468379723
r_OC: 3805187.4222728997
rho_0: 14567.601989495788
rho_c: 12502.0
