A_rho: 0.34284346400226745
CP: 1144.4060938038333
DeltaS: 127.0
Deltarho_ICB: 500.0
FeM: 10.0
H: 0.0
K_c: 1403000000000.0
L_rho: 8110660.192870121
Mp: 1.8
P0: 581.4038327999999
Q_CMB: 7400000000000.0
T0: 8509.2754903
TL0: 8568.55971968598
XFe: 25.0
alpha_c: 1.2184337797310667e-05
beta: 0.83
chi0: 0.056
dTL_dP: 9.0e-09
dTL_dchi: -21000.0
gamma: 1.227041876330835
k_c: 163.0
r_IC: 1221000.0
r_IC_0: 817046.1861976611
r_OC: 3270334.9914148
rho_0: 15278.14524083996
rho_c: 12502.0
