A_rho: 0.4197187851665954
CP: 1046.8066031692372
DeltaS: 127.0
Deltarho_ICB: 500.0
FeM: 20.0
H: 0.0
K_c: 1403000000000.0
L_rho: 7656406.276771273
Mp: 1.2
P0: 400.79005689999997
Q_CMB: 7400000000000.0
T0: 6368.2007153
TL0: 7074.633362394748
XFe: 30.0
alpha_c: 1.3685814098526542e-05
beta: 0.83
chi0: 0.056
dTL_dP: 9.0e-09
dTL_dchi: -21000.0
gamma: 1.2521550281530065
k_c: 163.0
r_IC: 1221000.0
r_IC_0: 2470018.12568016
r_OC: 2886376.5940572
rho_0: 14022.892388262502
rho_c: 12502.0
