A_rho: 0.4963575029203864
CP: 1087.8127542362392
DeltaS: 127.0
Deltarho_ICB: 500.0
FeM: 5.0
H: 0.0
K_c: 1403000000000.0
L_rho: 8168255.084490674
Mp: 1.2
P0: 582.3275655
Q_CMB: 7400000000000.0
T0: 7603.4538074
TL0: 8575.56807734648
XFe: 55.0
alpha_c: 1.4080193752338255e-05
beta: 0.83
chi0: 0.056
dTL_dP: 9.0e-09
dTL_dchi: -21000.0
gamma: 1.2475171087322163
k_c: 163.0
r_IC: 1221000.0
r_IC_0: 2999854.829766688
r_OC: 4137553.5758356005
rho_0: 15393.479819842318
rho_c: 12502.0
