A_rho: 0.5827666377589756
CP: 1034.233000745901
DeltaS: 127.0
Deltarho_ICB: 500.0
FeM: 5.0
H: 0.0
K_c: 1403000000000.0
L_rho: 8070135.55885186
Mp: 1.0
P0: 526.4776534
Q_CMB: 7400000000000.0
T0: 6692.5702011
TL0: 8141.649173261967
XFe: 65.0
alpha_c: 1.4957790415805435e-05
beta: 0.83
chi0: 0.056
dTL_dP: 9.0e-09
dTL_dchi: -21000.0
gamma: 1.2595037652912238
k_c: 163.0
r_IC: 1221000.0
r_IC_0: 3410082.4676170032
r_OC: 4183029.7360592997
rho_0: 15063.315158050593
rho_c: 12502.0
