A_rho: 0.44776092538812273
CP: 1093.5651481657278
DeltaS: 127.0
Deltarho_ICB: 500.0
FeM: 20.0
H: 0.0
K_c: 1403000000000.0
L_rho: 6970439.826954422
Mp: 1.2
P0: 217.33941299999998
Q_CMB: 7400000000000.0
T0: 5361.4696625
TL0: 5162.119293312459
XFe: 15.0
alpha_c: 1.707231805523199e-05
beta: 0.83
chi0: 0.056
dTL_dP: 9.0e-09
dTL_dchi: -21000.0
gamma: 1.278443397344
k_c: 163.0
r_IC: 1221000.0
r_IC_0: 0.0
r_OC: 885898.4257429001
rho_0: 12149.681102428878
rho_c: 12502.0
