A_rho: 0.6394079908695557
CP: 958.5131533827365
DeltaS: 127.0
Deltarho_ICB: 500.0
FeM: 5.0
H: 0.0
K_c: 1403000000000.0
L_rho: 8433358.00480864
Mp: 1.2
P0: 680.1198299
Q_CMB: 7400000000000.0
T0: 6619.2419777
TL0: 9289.304832978121
XFe: 80.0
alpha_c: 1.3461012851010275e-05
beta: 0.83
chi0: 0.056
dTL_dP: 9.0e-09
dTL_dchi: -21000.0
gamma: 1.2493352262581103
k_c: 163.0
r_IC: 1221000.0
r_IC_0: 4264799.5450500585
r_OC: 4741888.1119719
rho_0: 16197.832304134847
rho_c: 12502.0
