A_rho: 0.5058922566562427
CP: 1139.3536387000172
DeltaS: 127.0
Deltarho_ICB: 500.0
FeM: 0.0
H: 0.0
K_c: 1403000000000.0
L_rho: 8031057.443755556
Mp: 1.1
P0: 517.9548978
Q_CMB: 7400000000000.0
T0: 7635.7946994
TL0: 8073.504015064117
XFe: 50.0
alpha_c: 1.552360330631109e-05
beta: 0.83
chi0: 0.056
dTL_dP: 9.0e-09
dTL_dchi: -21000.0
gamma: 1.2561735823678595
k_c: 163.0
r_IC: 1221000.0
r_IC_0: 2105874.0154571855
r_OC: 3967999.2022442003
rho_0: 14880.387006878887
rho_c: 12502.0
