A_rho: 0.41983203171507827
CP: 1090.0130729509433
DeltaS: 127.0
Deltarho_ICB: 500.0
FeM: 5.0
H: 0.0
K_c: 1403000000000.0
L_rho: 8701184.291414838
Mp: 1.8
P0: 897.4029631000001
Q_CMB: 7400000000000.0
T0: 9382.896498200002
TL0: 10714.953149216835
XFe: 60.0
alpha_c: 1.142700698315768e-05
beta: 0.83
chi0: 0.056
dTL_dP: 9.0e-09
dTL_dchi: -21000.0
gamma: 1.218176413770142
k_c: 163.0
r_IC: 1221000.0
r_IC_0: 3595926.36797147
r_OC: 4747109.5511178
rho_0: 17308.258733297458
rho_c: 12502.0
