A_rho: 0.44232750727982195
CP: 1057.7619562441448
DeltaS: 127.0
Deltarho_ICB: 500.0
FeM: 15.0
H: 0.0
K_c: 1403000000000.0
L_rho: 7911111.430563215
Mp: 1.2
P0: 488.87408669999996
Q_CMB: 7400000000000.0
T0: 6938.071612999999
TL0: 7836.789443710895
XFe: 40.0
alpha_c: 1.344301301623165e-05
beta: 0.83
chi0: 0.056
dTL_dP: 9.0e-09
dTL_dchi: -21000.0
gamma: 1.2472247667182756
k_c: 163.0
r_IC: 1221000.0
r_IC_0: 2819723.1141960407
r_OC: 3502712.2648176
rho_0: 14729.976115092064
rho_c: 12502.0
