A_rho: 0.5254511012025527
CP: 1089.966199834875
DeltaS: 127.0
Deltarho_ICB: 500.0
FeM: 0.0
H: 0.0
K_c: 1403000000000.0
L_rho: 8384869.865600843
Mp: 1.3
P0: 676.1777348999999
Q_CMB: 7400000000000.0
T0: 8054.8741245
TL0: 9261.536880877518
XFe: 65.0
alpha_c: 1.398958235698391e-05
beta: 0.83
chi0: 0.056
dTL_dP: 9.0e-09
dTL_dchi: -21000.0
gamma: 1.2439263807358367
k_c: 163.0
r_IC: 1221000.0
r_IC_0: 3335564.0159529503
r_OC: 4533082.8228229005
rho_0: 16023.425218223216
rho_c: 12502.0
