A_rho: 0.4421550347444662
CP: 1078.0085564338617
DeltaS: 127.0
Deltarho_ICB: 500.0
FeM: 15.0
H: 0.0
K_c: 1403000000000.0
L_rho: 7620768.770315207
Mp: 1.1
P0: 385.173116
Q_CMB: 7400000000000.0
T0: 6459.0184286
TL0: 6931.297462449517
XFe: 30.0
alpha_c: 1.4738877940032732e-05
beta: 0.83
chi0: 0.056
dTL_dP: 9.0e-09
dTL_dchi: -21000.0
gamma: 1.2586475285322485
k_c: 163.0
r_IC: 1221000.0
r_IC_0: 2073943.7148458136
r_OC: 2977596.6643347
rho_0: 13861.284084106072
rho_c: 12502.0
