A_rho: 0.435452416278174
CP: 1036.1636007830775
DeltaS: 127.0
Deltarho_ICB: 500.0
FeM: 10.0
H: 0.0
K_c: 1403000000000.0
L_rho: 8739796.92945514
Mp: 1.8
P0: 927.5582266000001
Q_CMB: 7400000000000.0
T0: 8870.6631765
TL0: 10898.893852334917
XFe: 65.0
alpha_c: 1.0874013670691957e-05
beta: 0.83
chi0: 0.056
dTL_dP: 9.0e-09
dTL_dchi: -21000.0
gamma: 1.2164592723117142
k_c: 163.0
r_IC: 1221000.0
r_IC_0: 4182226.3400067985
r_OC: 4836793.3450978
rho_0: 17536.45596820763
rho_c: 12502.0
