A_rho: 0.5314536081562828
CP: 989.6594632608416
DeltaS: 127.0
Deltarho_ICB: 500.0
FeM: 5.0
H: 0.0
K_c: 1403000000000.0
L_rho: 8919676.173815077
Mp: 1.8
P0: 1011.5916006000001
Q_CMB: 7400000000000.0
T0: 8422.4485026
TL0: 11396.707442451027
XFe: 80.0
alpha_c: 1.1336068634998012e-05
beta: 0.83
chi0: 0.056
dTL_dP: 9.0e-09
dTL_dchi: -21000.0
gamma: 1.2217557933889487
k_c: 163.0
r_IC: 1221000.0
r_IC_0: 4728097.324187819
r_OC: 5280430.419558
rho_0: 18043.276808507766
rho_c: 12502.0
