A_rho: 0.39543901478115884
CP: 1181.35010398361
DeltaS: 127.0
Deltarho_ICB: 500.0
FeM: 5.0
H: 0.0
K_c: 1403000000000.0
L_rho: 7886740.566599216
Mp: 1.4
P0: 476.40431720000004
Q_CMB: 7400000000000.0
T0: 7956.6622939
TL0: 7733.199138800652
XFe: 25.0
alpha_c: 1.4470069069300259e-05
beta: 0.83
chi0: 0.056
dTL_dP: 9.0e-09
dTL_dchi: -21000.0
gamma: 1.2462998103377465
k_c: 163.0
r_IC: 1221000.0
r_IC_0: 0.0
r_OC: 3230143.4357482996
rho_0: 14488.172308389705
rho_c: 12502.0
