A_rho: 0.4530350394558503
CP: 1124.8648476623946
DeltaS: 127.0
Deltarho_ICB: 500.0
FeM: 0.0
H: 0.0
K_c: 1403000000000.0
L_rho: 8577754.445057858
Mp: 1.6
P0: 801.1010097
Q_CMB: 7400000000000.0
T0: 9183.037087100001
TL0: 10106.497272131928
XFe: 60.0
alpha_c: 1.2755546077068424e-05
beta: 0.83
chi0: 0.056
dTL_dP: 9.0e-09
dTL_dchi: -21000.0
gamma: 1.2290029654093668
k_c: 163.0
r_IC: 1221000.0
r_IC_0: 3071757.609645948
r_OC: 4659677.4010247
rho_0: 16734.55446615188
rho_c: 12502.0
