A_rho: 0.6546285791307739
CP: 925.8411447817656
DeltaS: 127.0
Deltarho_ICB: 500.0
FeM: 10.0
H: 0.0
K_c: 1403000000000.0
L_rho: 8321571.615360286
Mp: 1.1
P0: 626.3373022000001
Q_CMB: 7400000000000.0
T0: 6050.968313699999
TL0: 8903.442887621739
XFe: 80.0
alpha_c: 1.3400818567545532e-05
beta: 0.83
chi0: 0.056
dTL_dP: 9.0e-09
dTL_dchi: -21000.0
gamma: 1.2533262619588819
k_c: 163.0
r_IC: 1221000.0
r_IC_0: 4255223.190232532
r_OC: 4605361.2078302
rho_0: 15880.722116202494
rho_c: 12502.0
