A_rho: 0.45234672992753794
CP: 1156.8647585723158
DeltaS: 127.0
Deltarho_ICB: 500.0
FeM: 5.0
H: 0.0
K_c: 1403000000000.0
L_rho: 7715805.177149704
Mp: 1.1
P0: 410.2323521
Q_CMB: 7400000000000.0
T0: 7177.5949576
TL0: 7159.985066706383
XFe: 30.0
alpha_c: 1.5885319892544008e-05
beta: 0.83
chi0: 0.056
dTL_dP: 9.0e-09
dTL_dchi: -21000.0
gamma: 1.2605989254950787
k_c: 163.0
r_IC: 1221000.0
r_IC_0: 0.0
r_OC: 3239169.424516
rho_0: 13997.87058296204
rho_c: 12502.0
