A_rho: 0.5120256606102652
CP: 955.8828321489782
DeltaS: 127.0
Deltarho_ICB: 500.0
FeM: 15.0
H: 0.0
K_c: 1403000000000.0
L_rho: 8701406.415588923
Mp: 1.6
P0: 879.6103251000001
Q_CMB: 7400000000000.0
T0: 7571.7260879
TL0: 10605.013566759162
XFe: 75.0
alpha_c: 1.1020373509916516e-05
beta: 0.83
chi0: 0.056
dTL_dP: 9.0e-09
dTL_dchi: -21000.0
gamma: 1.2249199699176363
k_c: 163.0
r_IC: 1221000.0
r_IC_0: 4628405.779297732
r_OC: 4932655.5267143
rho_0: 17374.779560739444
rho_c: 12502.0
