A_rho: 0.49377194814352127
CP: 1042.8720287047895
DeltaS: 127.0
Deltarho_ICB: 500.0
FeM: 5.0
H: 0.0
K_c: 1403000000000.0
L_rho: 8669305.42108833
Mp: 1.6
P0: 852.9621597999999
Q_CMB: 7400000000000.0
T0: 8481.434907699999
TL0: 10438.318478534256
XFe: 70.0
alpha_c: 1.2054013534338094e-05
beta: 0.83
chi0: 0.056
dTL_dP: 9.0e-09
dTL_dchi: -21000.0
gamma: 1.2277429319405433
k_c: 163.0
r_IC: 1221000.0
r_IC_0: 4082442.124901262
r_OC: 4872779.7149931
rho_0: 17128.433278052635
rho_c: 12502.0
