A_rho: 0.41368318651351843
CP: 1123.804509601231
DeltaS: 127.0
Deltarho_ICB: 500.0
FeM: 15.0
H: 0.0
K_c: 1403000000000.0
L_rho: 7215839.47197075
Mp: 1.2
P0: 271.7605785
Q_CMB: 7400000000000.0
T0: 6003.106570100001
TL0: 5791.722435596472
XFe: 15.0
alpha_c: 1.6483568055633542e-05
beta: 0.83
chi0: 0.056
dTL_dP: 9.0e-09
dTL_dchi: -21000.0
gamma: 1.270632892320251
k_c: 163.0
r_IC: 1221000.0
r_IC_0: 0.0
r_OC: 1813743.7134884999
rho_0: 12722.11360727905
rho_c: 12502.0
