A_rho: 0.44735968405031395
CP: 1085.5329899380008
DeltaS: 127.0
Deltarho_ICB: 500.0
FeM: 5.0
H: 0.0
K_c: 1403000000000.0
L_rho: 8558861.837219879
Mp: 1.6
P0: 797.8326076000001
Q_CMB: 7400000000000.0
T0: 8792.761767
TL0: 10085.241032878279
XFe: 60.0
alpha_c: 1.2154482706868511e-05
beta: 0.83
chi0: 0.056
dTL_dP: 9.0e-09
dTL_dchi: -21000.0
gamma: 1.2269071420110291
k_c: 163.0
r_IC: 1221000.0
r_IC_0: 3500729.687121718
r_OC: 4602712.0306965
rho_0: 16756.374024743833
rho_c: 12502.0
