A_rho: 0.4313706866868057
CP: 1127.8161441410653
DeltaS: 127.0
Deltarho_ICB: 500.0
FeM: 5.0
H: 0.0
K_c: 1403000000000.0
L_rho: 8218651.447487053
Mp: 1.4
P0: 616.6363767999999
Q_CMB: 7400000000000.0
T0: 8294.9997295
TL0: 8832.155812759462
XFe: 45.0
alpha_c: 1.3361553237955242e-05
beta: 0.83
chi0: 0.056
dTL_dP: 9.0e-09
dTL_dchi: -21000.0
gamma: 1.2381000967756821
k_c: 163.0
r_IC: 1221000.0
r_IC_0: 2357221.5937670195
r_OC: 4006034.5534165
rho_0: 15570.528037244014
rho_c: 12502.0
