A_rho: 0.5448860248242512
CP: 1084.4168000807676
DeltaS: 127.0
Deltarho_ICB: 500.0
FeM: 0.0
H: 0.0
K_c: 1403000000000.0
L_rho: 8288672.222788011
Mp: 1.2
P0: 624.8306054
Q_CMB: 7400000000000.0
T0: 7703.9256995000005
TL0: 8892.406260533064
XFe: 65.0
alpha_c: 1.4504934468201597e-05
beta: 0.83
chi0: 0.056
dTL_dP: 9.0e-09
dTL_dchi: -21000.0
gamma: 1.2495047676514144
k_c: 163.0
r_IC: 1221000.0
r_IC_0: 3276921.2275719712
r_OC: 4432003.4221645
rho_0: 15696.245077004322
rho_c: 12502.0
