A_rho: 0.4063064405545811
CP: 1214.3156888842636
DeltaS: 127.0
Deltarho_ICB: 500.0
FeM: 0.0
H: 0.0
K_c: 1403000000000.0
L_rho: 8029165.895529963
Mp: 1.4
P0: 529.0983934
Q_CMB: 7400000000000.0
T0: 8527.1098392
TL0: 8162.4960178880565
XFe: 30.0
alpha_c: 1.471489001920596e-05
beta: 0.83
chi0: 0.056
dTL_dP: 9.0e-09
dTL_dchi: -21000.0
gamma: 1.2447512003901577
k_c: 163.0
r_IC: 1221000.0
r_IC_0: 0.0
r_OC: 3581049.5624247002
rho_0: 14856.001602961498
rho_c: 12502.0
