A_rho: 0.5125166399994803
CP: 1020.0723902432356
DeltaS: 127.0
Deltarho_ICB: 500.0
FeM: 10.0
H: 0.0
K_c: 1403000000000.0
L_rho: 8356392.250464799
Mp: 1.3
P0: 674.2596841
Q_CMB: 7400000000000.0
T0: 7408.8242384000005
TL0: 9247.997818561109
XFe: 65.0
alpha_c: 1.2772455151195658e-05
beta: 0.83
chi0: 0.056
dTL_dP: 9.0e-09
dTL_dchi: -21000.0
gamma: 1.2398590238694085
k_c: 163.0
r_IC: 1221000.0
r_IC_0: 3845646.006228114
r_OC: 4445343.9664795
rho_0: 16082.09176095391
rho_c: 12502.0
