A_rho: 0.4644230567804076
CP: 1048.871448411423
DeltaS: 127.0
Deltarho_ICB: 500.0
FeM: 5.0
H: 0.0
K_c: 1403000000000.0
L_rho: 8812451.402073696
Mp: 1.8
P0: 959.6551466
Q_CMB: 7400000000000.0
T0: 9070.9111444
TL0: 11091.519337047937
XFe: 70.0
alpha_c: 1.1369816323865117e-05
beta: 0.83
chi0: 0.056
dTL_dP: 9.0e-09
dTL_dchi: -21000.0
gamma: 1.2191891417365808
k_c: 163.0
r_IC: 1221000.0
r_IC_0: 4201121.293171133
r_OC: 5025933.812161099
rho_0: 17698.493650132506
rho_c: 12502.0
