A_rho: 0.4278946878208255
CP: 1005.6565146448092
DeltaS: 127.0
Deltarho_ICB: 500.0
FeM: 20.0
H: 0.0
K_c: 1403000000000.0
L_rho: 8213123.2694188105
Mp: 1.4
P0: 628.2735302
Q_CMB: 7400000000000.0
T0: 7228.960531300001
TL0: 8917.606963045137
XFe: 50.0
alpha_c: 1.1579466400004692e-05
beta: 0.83
chi0: 0.056
dTL_dP: 9.0e-09
dTL_dchi: -21000.0
gamma: 1.2318140394448418
k_c: 163.0
r_IC: 1221000.0
r_IC_0: 3686071.3798810705
r_OC: 3942034.4896445
rho_0: 15779.941227674206
rho_c: 12502.0
