A_rho: 0.49326992791462587
CP: 1062.160200655191
DeltaS: 127.0
Deltarho_ICB: 500.0
FeM: 10.0
H: 0.0
K_c: 1403000000000.0
L_rho: 7987866.4718617005
Mp: 1.1
P0: 509.77810480000005
Q_CMB: 7400000000000.0
T0: 6989.588901800001
TL0: 8007.611991064044
XFe: 50.0
alpha_c: 1.4176211605571086e-05
beta: 0.83
chi0: 0.056
dTL_dP: 9.0e-09
dTL_dchi: -21000.0
gamma: 1.2522594563238376
k_c: 163.0
r_IC: 1221000.0
r_IC_0: 2985770.0409876886
r_OC: 3839148.3636906
rho_0: 14895.622382451642
rho_c: 12502.0
