A_rho: 0.4199953968457965
CP: 1141.705589828853
DeltaS: 127.0
Deltarho_ICB: 500.0
FeM: 5.0
H: 0.0
K_c: 1403000000000.0
L_rho: 8148892.3833837
Mp: 1.4
P0: 585.3511286
Q_CMB: 7400000000000.0
T0: 8264.1248093
TL0: 8598.470216530774
XFe: 40.0
alpha_c: 1.3550982536953168e-05
beta: 0.83
chi0: 0.056
dTL_dP: 9.0e-09
dTL_dchi: -21000.0
gamma: 1.239363054221573
k_c: 163.0
r_IC: 1221000.0
r_IC_0: 1889052.738525835
r_OC: 3840491.1839958997
rho_0: 15338.13520753705
rho_c: 12502.0
