A_rho: 0.39039773652836607
CP: 1114.8965098688086
DeltaS: 127.0
Deltarho_ICB: 500.0
FeM: 10.0
H: 0.0
K_c: 1403000000000.0
L_rho: 8115199.7235822575
Mp: 1.5
P0: 577.1817308
Q_CMB: 7400000000000.0
T0: 8075.069662100001
TL0: 8536.457669453273
XFe: 35.0
alpha_c: 1.273412856459955e-05
beta: 0.83
chi0: 0.056
dTL_dP: 9.0e-09
dTL_dchi: -21000.0
gamma: 1.2345647488967748
k_c: 163.0
r_IC: 1221000.0
r_IC_0: 2178662.851732043
r_OC: 3616786.4277667
rho_0: 15299.672040332438
rho_c: 12502.0
