A_rho: 0.46835351016015225
CP: 1065.9133997836
DeltaS: 127.0
Deltarho_ICB: 500.0
FeM: 5.0
H: 0.0
K_c: 1403000000000.0
L_rho: 8614284.729547622
Mp: 1.6
P0: 825.9927788
Q_CMB: 7400000000000.0
T0: 8667.097240000001
TL0: 10267.021781844473
XFe: 65.0
alpha_c: 1.2099453093527098e-05
beta: 0.83
chi0: 0.056
dTL_dP: 9.0e-09
dTL_dchi: -21000.0
gamma: 1.2271643068532225
k_c: 163.0
r_IC: 1221000.0
r_IC_0: 3800037.500103408
r_OC: 4739558.1883137
rho_0: 16945.422009538383
rho_c: 12502.0
