A_rho: 0.45334913922148873
CP: 1134.2255759681664
DeltaS: 127.0
Deltarho_ICB: 500.0
FeM: 5.0
H: 0.0
K_c: 1403000000000.0
L_rho: 7976465.565703731
Mp: 1.2
P0: 506.4644837
Q_CMB: 7400000000000.0
T0: 7640.396678200001
TL0: 7980.763606626261
XFe: 40.0
alpha_c: 1.4621021305425642e-05
beta: 0.83
chi0: 0.056
dTL_dP: 9.0e-09
dTL_dchi: -21000.0
gamma: 1.250305518198608
k_c: 163.0
r_IC: 1221000.0
r_IC_0: 1870730.8776433456
r_OC: 3691032.3633884
rho_0: 14786.349551643356
rho_c: 12502.0
