A_rho: 0.4814446692222892
CP: 979.0741136044644
DeltaS: 127.0
Deltarho_ICB: 500.0
FeM: 15.0
H: 0.0
K_c: 1403000000000.0
L_rho: 8644105.697820608
Mp: 1.6
P0: 852.8712282
Q_CMB: 7400000000000.0
T0: 7801.5163861
TL0: 10437.745373704813
XFe: 70.0
alpha_c: 1.1027810217799129e-05
beta: 0.83
chi0: 0.056
dTL_dP: 9.0e-09
dTL_dchi: -21000.0
gamma: 1.223826377612798
k_c: 163.0
r_IC: 1221000.0
r_IC_0: 4444826.914515444
r_OC: 4792317.543746799
rho_0: 17195.663359696635
rho_c: 12502.0
