A_rho: 0.5181227592490494
CP: 977.2551334538434
DeltaS: 127.0
Deltarho_ICB: 500.0
FeM: 20.0
H: 0.0
K_c: 1403000000000.0
L_rho: 7905360.643516319
Mp: 1.0
P0: 480.39570360000005
Q_CMB: 7400000000000.0
T0: 6057.1293564
TL0: 7766.498423252707
XFe: 55.0
alpha_c: 1.3472266551886102e-05
beta: 0.83
chi0: 0.056
dTL_dP: 9.0e-09
dTL_dchi: -21000.0
gamma: 1.254531990758485
k_c: 163.0
r_IC: 1221000.0
r_IC_0: 3522066.8417403083
r_OC: 3766427.8747595
rho_0: 14764.844121687023
rho_c: 12502.0
