A_rho: 0.421914390061028
CP: 1211.2360141485435
DeltaS: 127.0
Deltarho_ICB: 0.0
FeM: 0.0
H: 0.0
K_c: 1403000000000.0
L_rho: 7943039.565442239
Mp: 1.3
P0: 492.22664699999996
Q_CMB: 7400000000000.0
T0: 8209.6938777
TL0: 7864.420952625618
XFe: 30.0
alpha_c: 1.5290015810987157e-05
beta: 0.83
chi0: 0.056
dTL_dP: 9.0e-09
dTL_dchi: -21000.0
gamma: 1.2502108533500635
k_c: 163.0
r_IC: 1221000.0
r_IC_0: 0.0
r_OC: 3507367.8474683
rho_0: 14589.223402081028
rho_c: 12502.0
