A_rho: 0.4160892912439908
CP: 1072.9920026886728
DeltaS: 127.0
Deltarho_ICB: 500.0
FeM: 15.0
H: 0.0
K_c: 1403000000000.0
L_rho: 7908950.253633461
Mp: 1.3
P0: 490.7552757
Q_CMB: 7400000000000.0
T0: 7137.450181499999
TL0: 7852.3053141389955
XFe: 35.0
alpha_c: 1.3198278040672869e-05
beta: 0.83
chi0: 0.056
dTL_dP: 9.0e-09
dTL_dchi: -21000.0
gamma: 1.2438002511900361
k_c: 163.0
r_IC: 1221000.0
r_IC_0: 2571114.4440912195
r_OC: 3363024.4955716
rho_0: 14720.914157351312
rho_c: 12502.0
