A_rho: 0.36740009250281347
CP: 1090.9054553653984
DeltaS: 127.0
Deltarho_ICB: 500.0
FeM: 15.0
H: 0.0
K_c: 1403000000000.0
L_rho: 8033783.988551304
Mp: 1.6
P0: 548.2439913
Q_CMB: 7400000000000.0
T0: 7763.2304326
TL0: 8313.296358941237
XFe: 30.0
alpha_c: 1.2167464348865756e-05
beta: 0.83
chi0: 0.056
dTL_dP: 9.0e-09
dTL_dchi: -21000.0
gamma: 1.231747059948462
k_c: 163.0
r_IC: 1221000.0
r_IC_0: 2333932.9281189325
r_OC: 3286148.9973413
rho_0: 15112.300718069811
rho_c: 12502.0
