A_rho: 0.46449540838333525
CP: 1027.037885285718
DeltaS: 127.0
Deltarho_ICB: 500.0
FeM: 20.0
H: 0.0
K_c: 1403000000000.0
L_rho: 7578707.145418449
Mp: 1.0
P0: 372.77034199999997
Q_CMB: 7400000000000.0
T0: 5951.121251699999
TL0: 6815.441755942369
XFe: 35.0
alpha_c: 1.4473660784916254e-05
beta: 0.83
chi0: 0.056
dTL_dP: 9.0e-09
dTL_dchi: -21000.0
gamma: 1.2612147636315074
k_c: 163.0
r_IC: 1221000.0
r_IC_0: 2644431.690394508
r_OC: 3011924.6565619
rho_0: 13811.132720291198
rho_c: 12502.0
