A_rho: 0.47292067776723645
CP: 1040.9580609190552
DeltaS: 127.0
Deltarho_ICB: 500.0
FeM: 15.0
H: 0.0
K_c: 1403000000000.0
L_rho: 7892765.183254656
Mp: 1.1
P0: 478.53303430000005
Q_CMB: 7400000000000.0
T0: 6679.8313033
TL0: 7750.975336926329
XFe: 45.0
alpha_c: 1.3761771797797265e-05
beta: 0.83
chi0: 0.056
dTL_dP: 9.0e-09
dTL_dchi: -21000.0
gamma: 1.2515202165003518
k_c: 163.0
r_IC: 1221000.0
r_IC_0: 3004590.0899644936
r_OC: 3599562.1103737
rho_0: 14677.389748217185
rho_c: 12502.0
