A_rho: 0.4558077435321903
CP: 1070.878063696971
DeltaS: 127.0
Deltarho_ICB: 500.0
FeM: 10.0
H: 0.0
K_c: 1403000000000.0
L_rho: 8178764.4006358
Mp: 1.3
P0: 598.3270452
Q_CMB: 7400000000000.0
T0: 7629.0583361
TL0: 8696.111726466475
XFe: 50.0
alpha_c: 1.3080705563905944e-05
beta: 0.83
chi0: 0.056
dTL_dP: 9.0e-09
dTL_dchi: -21000.0
gamma: 1.2404903399996225
k_c: 163.0
r_IC: 1221000.0
r_IC_0: 3117941.6643073843
r_OC: 4017308.1404927
rho_0: 15512.843120679498
rho_c: 12502.0
