A_rho: 0.5520555434340061
CP: 1064.2079900332642
DeltaS: 127.0
Deltarho_ICB: 500.0
FeM: 0.0
H: 0.0
K_c: 1403000000000.0
L_rho: 8432897.843030186
Mp: 1.3
P0: 695.1468822
Q_CMB: 7400000000000.0
T0: 7857.1032347
TL0: 9394.445530039124
XFe: 70.0
alpha_c: 1.3891080608254897e-05
beta: 0.83
chi0: 0.056
dTL_dP: 9.0e-09
dTL_dchi: -21000.0
gamma: 1.2443863639353165
k_c: 163.0
r_IC: 1221000.0
r_IC_0: 3651866.201261286
r_OC: 4645703.971428799
rho_0: 16175.00684169071
rho_c: 12502.0
