A_rho: 0.5421095719446999
CP: 1012.1308530403658
DeltaS: 127.0
Deltarho_ICB: 500.0
FeM: 5.0
H: 0.0
K_c: 1403000000000.0
L_rho: 8642452.177098727
Mp: 1.5
P0: 822.5623762
Q_CMB: 7400000000000.0
T0: 7919.6353361
TL0: 10245.040216236686
XFe: 75.0
alpha_c: 1.2380503682732382e-05
beta: 0.83
chi0: 0.056
dTL_dP: 9.0e-09
dTL_dchi: -21000.0
gamma: 1.2332282865119528
k_c: 163.0
r_IC: 1221000.0
r_IC_0: 4271767.337585153
r_OC: 4910767.362649701
rho_0: 16995.972510788393
rho_c: 12502.0
