A_rho: 0.5664003546884576
CP: 1077.122246071286
DeltaS: 127.0
Deltarho_ICB: 500.0
FeM: 0.0
H: 0.0
K_c: 1403000000000.0
L_rho: 8189457.450529595
Mp: 1.1
P0: 575.6451743
Q_CMB: 7400000000000.0
T0: 7343.937107800001
TL0: 8524.746465947828
XFe: 65.0
alpha_c: 1.5047395565568392e-05
beta: 0.83
chi0: 0.056
dTL_dP: 9.0e-09
dTL_dchi: -21000.0
gamma: 1.2553221010150575
k_c: 163.0
r_IC: 1221000.0
r_IC_0: 3226434.9751540115
r_OC: 4330413.3933799
rho_0: 15370.435378387465
rho_c: 12502.0
