A_rho: 0.40048929099381575
CP: 1103.3603218335204
DeltaS: 127.0
Deltarho_ICB: 500.0
FeM: 10.0
H: 0.0
K_c: 1403000000000.0
L_rho: 8196428.977098042
Mp: 1.5
P0: 615.6419401
Q_CMB: 7400000000000.0
T0: 8159.479171100001
TL0: 8824.817572991404
XFe: 40.0
alpha_c: 1.2504825529194103e-05
beta: 0.83
chi0: 0.056
dTL_dP: 9.0e-09
dTL_dchi: -21000.0
gamma: 1.2326407826141974
k_c: 163.0
r_IC: 1221000.0
r_IC_0: 2581471.8859252986
r_OC: 3815088.6699934998
rho_0: 15580.53080348174
rho_c: 12502.0
