A_rho: 0.5319392624274761
CP: 1040.1506405914458
DeltaS: 127.0
Deltarho_ICB: 500.0
FeM: 10.0
H: 0.0
K_c: 1403000000000.0
L_rho: 7945266.144889701
Mp: 1.0
P0: 487.8661632
Q_CMB: 7400000000000.0
T0: 6614.6471091
TL0: 7828.464270812474
XFe: 55.0
alpha_c: 1.46190748512596e-05
beta: 0.83
chi0: 0.056
dTL_dP: 9.0e-09
dTL_dchi: -21000.0
gamma: 1.2579693583732785
k_c: 163.0
r_IC: 1221000.0
r_IC_0: 3161783.504992249
r_OC: 3885083.8413823997
rho_0: 14759.4526720041
rho_c: 12502.0
