A_rho: 0.3992772397098402
CP: 1009.3144974901833
DeltaS: 127.0
Deltarho_ICB: 500.0
FeM: 20.0
H: 0.0
K_c: 1403000000000.0
L_rho: 8369273.823452924
Mp: 1.6
P0: 716.1040885
Q_CMB: 7400000000000.0
T0: 7752.6347816
TL0: 9539.254449899485
XFe: 50.0
alpha_c: 1.078523227263901e-05
beta: 0.83
chi0: 0.056
dTL_dP: 9.0e-09
dTL_dchi: -21000.0
gamma: 1.221985130394923
k_c: 163.0
r_IC: 1221000.0
r_IC_0: 3837526.850091298
r_OC: 4083757.2836662997
rho_0: 16335.649028000784
rho_c: 12502.0
