A_rho: 0.4248370596589275
CP: 1185.9415318738672
DeltaS: 127.0
Deltarho_ICB: 500.0
FeM: 0.0
H: 0.0
K_c: 1403000000000.0
L_rho: 8180089.006741996
Mp: 1.4
P0: 594.1380365
Q_CMB: 7400000000000.0
T0: 8667.9226407
TL0: 8664.703439759458
XFe: 40.0
alpha_c: 1.4198498882737572e-05
beta: 0.83
chi0: 0.056
dTL_dP: 9.0e-09
dTL_dchi: -21000.0
gamma: 1.241188598850078
k_c: 163.0
r_IC: 1221000.0
r_IC_0: 0.0
r_OC: 3931230.7172118993
rho_0: 15354.12639329925
rho_c: 12502.0
