A_rho: 0.42971976003259227
CP: 1118.5569275415116
DeltaS: 127.0
Deltarho_ICB: 500.0
FeM: 15.0
H: 0.0
K_c: 1403000000000.0
L_rho: 7130736.595965656
Mp: 1.1
P0: 251.1051923
Q_CMB: 7400000000000.0
T0: 5771.742173600001
TL0: 5560.673505881093
XFe: 15.0
alpha_c: 1.7143774790008547e-05
beta: 0.83
chi0: 0.056
dTL_dP: 9.0e-09
dTL_dchi: -21000.0
gamma: 1.2764232453613282
k_c: 163.0
r_IC: 1221000.0
r_IC_0: 0.0
r_OC: 1769294.9667061002
rho_0: 12513.14090853277
rho_c: 12502.0
