A_rho: 0.39248496764990465
CP: 1055.4322110171324
DeltaS: 127.0
Deltarho_ICB: 500.0
FeM: 15.0
H: 0.0
K_c: 1403000000000.0
L_rho: 8318780.640775246
Mp: 1.6
P0: 684.7244900000001
Q_CMB: 7400000000000.0
T0: 8094.1285405
TL0: 9321.641209322406
XFe: 45.0
alpha_c: 1.1396329790095666e-05
beta: 0.83
chi0: 0.056
dTL_dP: 9.0e-09
dTL_dchi: -21000.0
gamma: 1.2247838093695793
k_c: 163.0
r_IC: 1221000.0
r_IC_0: 3346335.4296092624
r_OC: 3976916.859121
rho_0: 16084.32759476665
rho_c: 12502.0
