A_rho: 0.4212123835476759
CP: 1173.9020122691668
DeltaS: 127.0
Deltarho_ICB: 500.0
FeM: 0.0
H: 0.0
K_c: 1403000000000.0
L_rho: 8326746.859870528
Mp: 1.5
P0: 667.0242102000001
Q_CMB: 7400000000000.0
T0: 9010.4852309
TL0: 9196.755420552356
XFe: 45.0
alpha_c: 1.3523323187825574e-05
beta: 0.83
chi0: 0.056
dTL_dP: 9.0e-09
dTL_dchi: -21000.0
gamma: 1.2349880867324785
k_c: 163.0
r_IC: 1221000.0
r_IC_0: 1453810.3174933915
r_OC: 4161562.9371055
rho_0: 15851.264279037936
rho_c: 12502.0
