A_rho: 0.4531370171779791
CP: 1167.1160986262162
DeltaS: 127.0
Deltarho_ICB: 500.0
FeM: 0.0
H: 0.0
K_c: 1403000000000.0
L_rho: 8159342.619763517
Mp: 1.3
P0: 580.4563933999999
Q_CMB: 7400000000000.0
T0: 8355.5979836
TL0: 8561.365886995274
XFe: 45.0
alpha_c: 1.4537986817958338e-05
beta: 0.83
chi0: 0.056
dTL_dP: 9.0e-09
dTL_dchi: -21000.0
gamma: 1.2454017981658336
k_c: 163.0
r_IC: 1221000.0
r_IC_0: 1502790.2301383265
r_OC: 4004878.9473647005
rho_0: 15287.738527514231
rho_c: 12502.0
