A_rho: 0.39588113566114674
CP: 1157.5036732354506
DeltaS: 127.0
Deltarho_ICB: 500.0
FeM: 5.0
H: 0.0
K_c: 1403000000000.0
L_rho: 8150088.909697701
Mp: 1.5
P0: 589.1837656
Q_CMB: 7400000000000.0
T0: 8490.0552433
TL0: 8627.418429652462
XFe: 35.0
alpha_c: 1.3304406816136842e-05
beta: 0.83
chi0: 0.056
dTL_dP: 9.0e-09
dTL_dchi: -21000.0
gamma: 1.2360651055382201
k_c: 163.0
r_IC: 1221000.0
r_IC_0: 1237808.1382221766
r_OC: 3725239.6383531
rho_0: 15339.667247877698
rho_c: 12502.0
