A_rho: 0.39801609270519966
CP: 1068.1510164322515
DeltaS: 127.0
Deltarho_ICB: 500.0
FeM: 10.0
H: 0.0
K_c: 1403000000000.0
L_rho: 8623764.237256981
Mp: 1.8
P0: 859.4319611
Q_CMB: 7400000000000.0
T0: 9043.3283419
TL0: 10479.019224605994
XFe: 55.0
alpha_c: 1.0948806973577797e-05
beta: 0.83
chi0: 0.056
dTL_dP: 9.0e-09
dTL_dchi: -21000.0
gamma: 1.2161568872043318
k_c: 163.0
r_IC: 1221000.0
r_IC_0: 3670225.2793194796
r_OC: 4535988.8769176
rho_0: 17116.007429339094
rho_c: 12502.0
