A_rho: 0.46219627997976326
CP: 1223.585969585029
DeltaS: 127.0
Deltarho_ICB: 500.0
FeM: 0.0
H: 0.0
K_c: 1403000000000.0
L_rho: 7471574.233995701
Mp: 1.0
P0: 331.6793908
Q_CMB: 7400000000000.0
T0: 6993.3031556999995
TL0: 6417.5865613425585
XFe: 20.0
alpha_c: 1.8254661354700674e-05
beta: 0.83
chi0: 0.056
dTL_dP: 9.0e-09
dTL_dchi: -21000.0
gamma: 1.2742551618132685
k_c: 163.0
r_IC: 1221000.0
r_IC_0: 0.0
r_OC: 2866905.6760331
rho_0: 13235.005909096175
rho_c: 12502.0
