A_rho: 0.544683936420904
CP: 936.5610097535213
DeltaS: 127.0
Deltarho_ICB: 500.0
FeM: 20.0
H: 0.0
K_c: 1403000000000.0
L_rho: 8292512.08134645
Mp: 1.2
P0: 643.3168668
Q_CMB: 7400000000000.0
T0: 6373.8996423
TL0: 9026.94003476741
XFe: 70.0
alpha_c: 1.2132394142638273e-05
beta: 0.83
chi0: 0.056
dTL_dP: 9.0e-09
dTL_dchi: -21000.0
gamma: 1.2422254545024003
k_c: 163.0
r_IC: 1221000.0
r_IC_0: 4211313.39775999
r_OC: 4401098.9657869
rho_0: 15973.496025446251
rho_c: 12502.0
