A_rho: 0.5852890027471342
CP: 918.698165370275
DeltaS: 127.0
Deltarho_ICB: 500.0
FeM: 15.0
H: 0.0
K_c: 1403000000000.0
L_rho: 8599150.289755529
Mp: 1.4
P0: 792.8024817
Q_CMB: 7400000000000.0
T0: 6697.7187032
TL0: 10052.444634972804
XFe: 80.0
alpha_c: 1.1683710540628854e-05
beta: 0.83
chi0: 0.056
dTL_dP: 9.0e-09
dTL_dchi: -21000.0
gamma: 1.2356474152814054
k_c: 163.0
r_IC: 1221000.0
r_IC_0: 4629997.01074439
r_OC: 4892072.513879799
rho_0: 16925.982056498397
rho_c: 12502.0
