A_rho: 0.37434764203428966
CP: 1091.6702802308812
DeltaS: 127.0
Deltarho_ICB: 500.0
FeM: 10.0
H: 0.0
K_c: 1403000000000.0
L_rho: 8336384.736283439
Mp: 1.6
P0: 694.4822301
Q_CMB: 7400000000000.0
T0: 8487.4388081
TL0: 9389.818557562561
XFe: 45.0
alpha_c: 1.1903389657198097e-05
beta: 0.83
chi0: 0.056
dTL_dP: 9.0e-09
dTL_dchi: -21000.0
gamma: 1.2265575833596376
k_c: 163.0
r_IC: 1221000.0
r_IC_0: 2982115.441803239
r_OC: 4071566.9537811005
rho_0: 16104.731270319566
rho_c: 12502.0
