A_rho: 0.40398306824441876
CP: 1049.7733324432033
DeltaS: 127.0
Deltarho_ICB: 500.0
FeM: 20.0
H: 0.0
K_c: 1403000000000.0
L_rho: 7741573.370604254
Mp: 1.3
P0: 431.3990418000001
Q_CMB: 7400000000000.0
T0: 6617.4306838
TL0: 7347.9211973674655
XFe: 30.0
alpha_c: 1.3152319832911122e-05
beta: 0.83
chi0: 0.056
dTL_dP: 9.0e-09
dTL_dchi: -21000.0
gamma: 1.2465421546634243
k_c: 163.0
r_IC: 1221000.0
r_IC_0: 2534432.953611821
r_OC: 2945255.9617001
rho_0: 14271.604194680966
rho_c: 12502.0
