A_rho: 0.3746749085215877
CP: 1101.9582773878178
DeltaS: 127.0
Deltarho_ICB: 500.0
FeM: 15.0
H: 0.0
K_c: 1403000000000.0
L_rho: 7832425.056813021
Mp: 1.5
P0: 464.01511289999996
Q_CMB: 7400000000000.0
T0: 7320.0579732999995
TL0: 7628.967400313286
XFe: 25.0
alpha_c: 1.3061789134154776e-05
beta: 0.83
chi0: 0.056
dTL_dP: 9.0e-09
dTL_dchi: -21000.0
gamma: 1.2406218099816635
k_c: 163.0
r_IC: 1221000.0
r_IC_0: 1759383.2313787749
r_OC: 2923372.8987247003
rho_0: 14467.81379197065
rho_c: 12502.0
