A_rho: 0.48366442996600323
CP: 1017.9261311986041
DeltaS: 127.0
Deltarho_ICB: 500.0
FeM: 15.0
H: 0.0
K_c: 1403000000000.0
L_rho: 8129680.8021757
Mp: 1.2
P0: 575.2065932999999
Q_CMB: 7400000000000.0
T0: 6965.871265299999
TL0: 8521.400943805389
XFe: 55.0
alpha_c: 1.2893559444024396e-05
beta: 0.83
chi0: 0.056
dTL_dP: 9.0e-09
dTL_dchi: -21000.0
gamma: 1.243716827652069
k_c: 163.0
r_IC: 1221000.0
r_IC_0: 3539819.169587266
r_OC: 4019012.3207712006
rho_0: 15414.578820485956
rho_c: 12502.0
