A_rho: 0.43254661813902656
CP: 1069.9949832419875
DeltaS: 127.0
Deltarho_ICB: 500.0
FeM: 15.0
H: 0.0
K_c: 1403000000000.0
L_rho: 7818120.890773312
Mp: 1.2
P0: 454.23664759999997
Q_CMB: 7400000000000.0
T0: 6855.0147184
TL0: 7545.743389096041
XFe: 35.0
alpha_c: 1.374899013297837e-05
beta: 0.83
chi0: 0.056
dTL_dP: 9.0e-09
dTL_dchi: -21000.0
gamma: 1.2495869610093056
k_c: 163.0
r_IC: 1221000.0
r_IC_0: 2504810.453508574
r_OC: 3288235.4925869997
rho_0: 14443.256764176944
rho_c: 12502.0
