A_rho: 0.5731776005132341
CP: 948.7240044185348
DeltaS: 127.0
Deltarho_ICB: 500.0
FeM: 10.0
H: 0.0
K_c: 1403000000000.0
L_rho: 8687560.934677215
Mp: 1.5
P0: 846.1216607999999
Q_CMB: 7400000000000.0
T0: 7264.8091221
TL0: 10395.122537474259
XFe: 80.0
alpha_c: 1.1768580323622925e-05
beta: 0.83
chi0: 0.056
dTL_dP: 9.0e-09
dTL_dchi: -21000.0
gamma: 1.232448719273129
k_c: 163.0
r_IC: 1221000.0
r_IC_0: 4621954.185813801
r_OC: 5002955.6805080995
rho_0: 17203.77708011251
rho_c: 12502.0
