A_rho: 0.5446814058564757
CP: 991.6793455274895
DeltaS: 127.0
Deltarho_ICB: 500.0
FeM: 15.0
H: 0.0
K_c: 1403000000000.0
L_rho: 7983654.72353911
Mp: 1.0
P0: 504.1282211
Q_CMB: 7400000000000.0
T0: 6264.7575344
TL0: 7961.782960621996
XFe: 60.0
alpha_c: 1.389104569067116e-05
beta: 0.83
chi0: 0.056
dTL_dP: 9.0e-09
dTL_dchi: -21000.0
gamma: 1.255881771012095
k_c: 163.0
r_IC: 1221000.0
r_IC_0: 3551457.916423929
r_OC: 3963706.1363434
rho_0: 14935.15778998277
rho_c: 12502.0
