A_rho: 0.3711890899996304
CP: 1129.735166690501
DeltaS: 127.0
Deltarho_ICB: 500.0
FeM: 10.0
H: 0.0
K_c: 1403000000000.0
L_rho: 8089094.637052586
Mp: 1.6
P0: 568.5675431
Q_CMB: 7400000000000.0
T0: 8208.4050141
TL0: 8470.605919973268
XFe: 30.0
alpha_c: 1.2611073689518134e-05
beta: 0.83
chi0: 0.056
dTL_dP: 9.0e-09
dTL_dchi: -21000.0
gamma: 1.232438577471495
k_c: 163.0
r_IC: 1221000.0
r_IC_0: 1676688.9519917432
r_OC: 3442825.0856363997
rho_0: 15216.133644765416
rho_c: 12502.0
