A_rho: 0.5595497530734592
CP: 1041.9728493751045
DeltaS: 127.0
Deltarho_ICB: 500.0
FeM: 5.0
H: 0.0
K_c: 1403000000000.0
L_rho: 8177291.678670393
Mp: 1.1
P0: 575.5365552000001
Q_CMB: 7400000000000.0
T0: 7049.3503199
TL0: 8523.918028149244
XFe: 65.0
alpha_c: 1.437883226529291e-05
beta: 0.83
chi0: 0.056
dTL_dP: 9.0e-09
dTL_dchi: -21000.0
gamma: 1.2532315510394885
k_c: 163.0
r_IC: 1221000.0
r_IC_0: 3485373.2470042626
r_OC: 4291405.801993701
rho_0: 15404.379330802505
rho_c: 12502.0
