A_rho: 0.6113867754429373
CP: 938.8590917846252
DeltaS: 127.0
Deltarho_ICB: 500.0
FeM: 10.0
H: 0.0
K_c: 1403000000000.0
L_rho: 8519183.645099845
Mp: 1.3
P0: 736.0286482000001
Q_CMB: 7400000000000.0
T0: 6673.090069
TL0: 9675.033878299548
XFe: 80.0
alpha_c: 1.2535199863091197e-05
beta: 0.83
chi0: 0.056
dTL_dP: 9.0e-09
dTL_dchi: -21000.0
gamma: 1.242338632699471
k_c: 163.0
r_IC: 1221000.0
r_IC_0: 4452238.875049099
r_OC: 4820309.3486597
rho_0: 16565.951214478446
rho_c: 12502.0
