A_rho: 0.5780560043611472
CP: 1000.9952987031154
DeltaS: 127.0
Deltarho_ICB: 500.0
FeM: 5.0
H: 0.0
K_c: 1403000000000.0
L_rho: 8475092.981671534
Mp: 1.3
P0: 716.2413781
Q_CMB: 7400000000000.0
T0: 7290.985005
TL0: 9540.196259166081
XFe: 75.0
alpha_c: 1.3171708243476224e-05
beta: 0.83
chi0: 0.056
dTL_dP: 9.0e-09
dTL_dchi: -21000.0
gamma: 1.243024631443158
k_c: 163.0
r_IC: 1221000.0
r_IC_0: 4125227.9911674485
r_OC: 4730807.5859997
rho_0: 16375.998124982389
rho_c: 12502.0
