A_rho: 0.46257504049194903
CP: 1030.7335988461175
DeltaS: 127.0
Deltarho_ICB: 500.0
FeM: 10.0
H: 0.0
K_c: 1403000000000.0
L_rho: 8601708.362360718
Mp: 1.6
P0: 826.1152889
Q_CMB: 7400000000000.0
T0: 8309.069158499999
TL0: 10267.805990690178
XFe: 65.0
alpha_c: 1.1546714236458926e-05
beta: 0.83
chi0: 0.056
dTL_dP: 9.0e-09
dTL_dchi: -21000.0
gamma: 1.2250617574031486
k_c: 163.0
r_IC: 1221000.0
r_IC_0: 4059361.205174291
r_OC: 4695958.040222799
rho_0: 16983.316285934143
rho_c: 12502.0
