A_rho: 0.4681729422579486
CP: 1088.8539391548861
DeltaS: 127.0
Deltarho_ICB: 500.0
FeM: 20.0
H: 0.0
K_c: 1403000000000.0
L_rho: 6885713.494582035
Mp: 1.1
P0: 200.65280719999998
Q_CMB: 7400000000000.0
T0: 5157.7126936
TL0: 4954.057157824408
XFe: 15.0
alpha_c: 1.7768404326079992e-05
beta: 0.83
chi0: 0.056
dTL_dP: 9.0e-09
dTL_dchi: -21000.0
gamma: 1.2842843992639996
k_c: 163.0
r_IC: 1221000.0
r_IC_0: 0.0
r_OC: 864215.0534790001
rho_0: 11959.603725741996
rho_c: 12502.0
