A_rho: 0.5695217677959816
CP: 1011.3053000611764
DeltaS: 127.0
Deltarho_ICB: 500.0
FeM: 0.0
H: 0.0
K_c: 1403000000000.0
L_rho: 8787435.58834919
Mp: 1.6
P0: 898.5834402
Q_CMB: 7400000000000.0
T0: 8168.2585983
TL0: 10722.209681035383
XFe: 80.0
alpha_c: 1.24745405585447e-05
beta: 0.83
chi0: 0.056
dTL_dP: 9.0e-09
dTL_dchi: -21000.0
gamma: 1.2318279766329587
k_c: 163.0
r_IC: 1221000.0
r_IC_0: 4449993.09198391
r_OC: 5149285.017765
rho_0: 17425.647596113937
rho_c: 12502.0
