A_rho: 0.43334144901296134
CP: 1027.4182291974457
DeltaS: 127.0
Deltarho_ICB: 500.0
FeM: 15.0
H: 0.0
K_c: 1403000000000.0
L_rho: 8387753.749597887
Mp: 1.5
P0: 713.755506
Q_CMB: 7400000000000.0
T0: 7840.862521100001
TL0: 9523.129545205773
XFe: 55.0
alpha_c: 1.1534104250672715e-05
beta: 0.83
chi0: 0.056
dTL_dP: 9.0e-09
dTL_dchi: -21000.0
gamma: 1.2277475701060723
k_c: 163.0
r_IC: 1221000.0
r_IC_0: 3767953.040142571
r_OC: 4263796.6833699
rho_0: 16309.066427777594
rho_c: 12502.0
