A_rho: 0.4297758594250511
CP: 1102.6027180535
DeltaS: 127.0
Deltarho_ICB: 500.0
FeM: 5.0
H: 0.0
K_c: 1403000000000.0
L_rho: 8502857.221402379
Mp: 1.6
P0: 768.8898922000001
Q_CMB: 7400000000000.0
T0: 8871.7621315
TL0: 9895.13565642952
XFe: 55.0
alpha_c: 1.2223158305329286e-05
beta: 0.83
chi0: 0.056
dTL_dP: 9.0e-09
dTL_dchi: -21000.0
gamma: 1.226938212990235
k_c: 163.0
r_IC: 1221000.0
r_IC_0: 3182088.69476911
r_OC: 4462630.2474437
rho_0: 16562.325470037966
rho_c: 12502.0
