A_rho: 0.4877119737341147
CP: 1180.5824183453947
DeltaS: 127.0
Deltarho_ICB: 500.0
FeM: 0.0
H: 0.0
K_c: 1403000000000.0
L_rho: 7731750.401722977
Mp: 1.0
P0: 409.7364106
Q_CMB: 7400000000000.0
T0: 7261.7707097
TL0: 7155.525966138659
XFe: 35.0
alpha_c: 1.6958213383412207e-05
beta: 0.83
chi0: 0.056
dTL_dP: 9.0e-09
dTL_dchi: -21000.0
gamma: 1.266429415122085
k_c: 163.0
r_IC: 1221000.0
r_IC_0: 0.0
r_OC: 3437735.3620821
rho_0: 13980.295428854699
rho_c: 12502.0
