A_rho: 0.4837379968334974
CP: 1132.399956428516
DeltaS: 127.0
Deltarho_ICB: 500.0
FeM: 0.0
H: 0.0
K_c: 1403000000000.0
L_rho: 8279605.871567601
Mp: 1.3
P0: 631.9447447000001
Q_CMB: 7400000000000.0
T0: 8288.5986053
TL0: 8944.404969890527
XFe: 55.0
alpha_c: 1.4217690205439886e-05
beta: 0.83
chi0: 0.056
dTL_dP: 9.0e-09
dTL_dchi: -21000.0
gamma: 1.2439939337500374
k_c: 163.0
r_IC: 1221000.0
r_IC_0: 2582876.1960486276
r_OC: 4285428.4058899
rho_0: 15682.186060248909
rho_c: 12502.0
