A_rho: 0.4092607066457269
CP: 1018.3666687279128
DeltaS: 127.0
Deltarho_ICB: 500.0
FeM: 15.0
H: 0.0
K_c: 1403000000000.0
L_rho: 8668053.781120347
Mp: 1.8
P0: 892.3223844
Q_CMB: 7400000000000.0
T0: 8596.4186386
TL0: 10683.669263125734
XFe: 60.0
alpha_c: 1.040804911822866e-05
beta: 0.83
chi0: 0.056
dTL_dP: 9.0e-09
dTL_dchi: -21000.0
gamma: 1.214123430866595
k_c: 163.0
r_IC: 1221000.0
r_IC_0: 4187409.971863748
r_OC: 4635681.2662089
rho_0: 17358.123839668115
rho_c: 12502.0
