A_rho: 0.46153840292836534
CP: 1143.1857236261253
DeltaS: 127.0
Deltarho_ICB: 500.0
FeM: 5.0
H: 0.0
K_c: 1403000000000.0
L_rho: 7802997.135702458
Mp: 1.1
P0: 439.744538
Q_CMB: 7400000000000.0
T0: 7260.8557904
TL0: 7420.786691693479
XFe: 35.0
alpha_c: 1.552501447960492e-05
beta: 0.83
chi0: 0.056
dTL_dP: 9.0e-09
dTL_dchi: -21000.0
gamma: 1.2581951023388789
k_c: 163.0
r_IC: 1221000.0
r_IC_0: 1285997.5744290997
r_OC: 3433563.6816397
rho_0: 14258.582376289252
rho_c: 12502.0
