A_rho: 0.6370468219530246
CP: 952.2286179963965
DeltaS: 127.0
Deltarho_ICB: 500.0
FeM: 10.0
H: 0.0
K_c: 1403000000000.0
L_rho: 8157440.419637455
Mp: 1.0
P0: 556.8921281
Q_CMB: 7400000000000.0
T0: 6033.5409055
TL0: 8380.575057919978
XFe: 75.0
alpha_c: 1.4078580654182591e-05
beta: 0.83
chi0: 0.056
dTL_dP: 9.0e-09
dTL_dchi: -21000.0
gamma: 1.2585729447651184
k_c: 163.0
r_IC: 1221000.0
r_IC_0: 3966941.554766817
r_OC: 4372611.2285268
rho_0: 15372.742705991232
rho_c: 12502.0
