A_rho: 0.43407208183455703
CP: 1161.4274957970213
DeltaS: 127.0
Deltarho_ICB: 500.0
FeM: 5.0
H: 0.0
K_c: 1403000000000.0
L_rho: 7813207.4035129
Mp: 1.2
P0: 445.7284986
Q_CMB: 7400000000000.0
T0: 7497.8586376
TL0: 7472.621268491023
XFe: 30.0
alpha_c: 1.522499131015688e-05
beta: 0.83
chi0: 0.056
dTL_dP: 9.0e-09
dTL_dchi: -21000.0
gamma: 1.2544260283164808
k_c: 163.0
r_IC: 1221000.0
r_IC_0: 0.0
r_OC: 3319812.7642866
rho_0: 14279.918734902505
rho_c: 12502.0
