A_rho: 0.43927658639413997
CP: 1074.2504806160553
DeltaS: 127.0
Deltarho_ICB: 500.0
FeM: 10.0
H: 0.0
K_c: 1403000000000.0
L_rho: 8263008.8985529775
Mp: 1.4
P0: 642.0047139999999
Q_CMB: 7400000000000.0
T0: 7930.0134486
TL0: 9017.453180386628
XFe: 50.0
alpha_c: 1.2608221350650854e-05
beta: 0.83
chi0: 0.056
dTL_dP: 9.0e-09
dTL_dchi: -21000.0
gamma: 1.2352102081111493
k_c: 163.0
r_IC: 1221000.0
r_IC_0: 3173758.7132381303
r_OC: 4094674.8617632994
rho_0: 15799.258797156937
rho_c: 12502.0
