A_rho: 0.48497312175071566
CP: 1117.560589848047
DeltaS: 127.0
Deltarho_ICB: 500.0
FeM: 0.0
H: 0.0
K_c: 1403000000000.0
L_rho: 8418064.94498719
Mp: 1.4
P0: 702.3262297
Q_CMB: 7400000000000.0
T0: 8530.8963954
TL0: 9444.288425545174
XFe: 60.0
alpha_c: 1.3623713072848139e-05
beta: 0.83
chi0: 0.056
dTL_dP: 9.0e-09
dTL_dchi: -21000.0
gamma: 1.2386643359451792
k_c: 163.0
r_IC: 1221000.0
r_IC_0: 3008130.475343125
r_OC: 4496761.350262901
rho_0: 16152.487810558901
rho_c: 12502.0
