A_rho: 0.5781594510507194
CP: 895.0109590718071
DeltaS: 127.0
Deltarho_ICB: 500.0
FeM: 20.0
H: 0.0
K_c: 1403000000000.0
L_rho: 8588045.197180144
Mp: 1.4
P0: 792.8256823
Q_CMB: 7400000000000.0
T0: 6433.433823699999
TL0: 10052.596134072679
XFe: 80.0
alpha_c: 1.125268954334084e-05
beta: 0.83
chi0: 0.056
dTL_dP: 9.0e-09
dTL_dchi: -21000.0
gamma: 1.234063604548946
k_c: 163.0
r_IC: 1221000.0
r_IC_0: 4700361.823493411
r_OC: 4862469.2271128
rho_0: 16951.020118527304
rho_c: 12502.0
