A_rho: 0.39025788467522887
CP: 1195.250316444482
DeltaS: 127.0
Deltarho_ICB: 500.0
FeM: 5.0
H: 0.0
K_c: 1403000000000.0
L_rho: 7768830.517493897
Mp: 1.4
P0: 432.5549397
Q_CMB: 7400000000000.0
T0: 7764.2586604
TL0: 7358.054012360671
XFe: 20.0
alpha_c: 1.4976079920430005e-05
beta: 0.83
chi0: 0.056
dTL_dP: 9.0e-09
dTL_dchi: -21000.0
gamma: 1.2502053221571743
k_c: 163.0
r_IC: 1221000.0
r_IC_0: 0.0
r_OC: 2956787.7654781
rho_0: 14121.69449018619
rho_c: 12502.0
