A_rho: 0.4140754387603394
CP: 1058.999792027781
DeltaS: 127.0
Deltarho_ICB: 500.0
FeM: 20.0
H: 0.0
K_c: 1403000000000.0
L_rho: 7512682.603607209
Mp: 1.2
P0: 355.0170453
Q_CMB: 7400000000000.0
T0: 6176.179235399999
TL0: 6646.301752362725
XFe: 25.0
alpha_c: 1.4270192868036736e-05
beta: 0.83
chi0: 0.056
dTL_dP: 9.0e-09
dTL_dchi: -21000.0
gamma: 1.256982055470751
k_c: 163.0
r_IC: 1221000.0
r_IC_0: 2035994.9936704652
r_OC: 2542794.1831577006
rho_0: 13604.0822458693
rho_c: 12502.0
