A_rho: 0.560059935454104
CP: 899.2272122612496
DeltaS: 127.0
Deltarho_ICB: 500.0
FeM: 20.0
H: 0.0
K_c: 1403000000000.0
L_rho: 8668920.08527775
Mp: 1.5
P0: 847.5470033
Q_CMB: 7400000000000.0
T0: 6698.2212396
TL0: 10404.137127156324
XFe: 80.0
alpha_c: 1.0913926316690593e-05
beta: 0.83
chi0: 0.056
dTL_dP: 9.0e-09
dTL_dchi: -21000.0
gamma: 1.2293518138477029
k_c: 163.0
r_IC: 1221000.0
r_IC_0: 4789946.918123736
r_OC: 4949910.8266003
rho_0: 17261.130569598383
rho_c: 12502.0
