A_rho: 0.3631597118373413
CP: 1262.06169778086
DeltaS: 127.0
Deltarho_ICB: 500.0
FeM: 0.0
H: 0.0
K_c: 1403000000000.0
L_rho: 7864105.311381202
Mp: 1.6
P0: 465.396403
Q_CMB: 7400000000000.0
T0: 8557.887609000001
TL0: 7640.654657515098
XFe: 15.0
alpha_c: 1.5015438980975654e-05
beta: 0.83
chi0: 0.056
dTL_dP: 9.0e-09
dTL_dchi: -21000.0
gamma: 1.2450380789410405
k_c: 163.0
r_IC: 1221000.0
r_IC_0: 0.0
r_OC: 2961331.6847015
rho_0: 14303.501377482307
rho_c: 12502.0
