A_rho: 0.4560507603847657
CP: 1103.029397850516
DeltaS: 127.0
Deltarho_ICB: 500.0
FeM: 10.0
H: 0.0
K_c: 1403000000000.0
L_rho: 7764794.910175724
Mp: 1.1
P0: 429.87415949999996
Q_CMB: 7400000000000.0
T0: 6909.289244
TL0: 7334.533631364146
XFe: 35.0
alpha_c: 1.4900169269458354e-05
beta: 0.83
chi0: 0.056
dTL_dP: 9.0e-09
dTL_dchi: -21000.0
gamma: 1.2568101338554127
k_c: 163.0
r_IC: 1221000.0
r_IC_0: 2018814.1212850495
r_OC: 3327724.7613786
rho_0: 14217.663944053986
rho_c: 12502.0
