A_rho: 0.47890868958062066
CP: 1076.5293153470338
DeltaS: 127.0
Deltarho_ICB: 500.0
FeM: 10.0
H: 0.0
K_c: 1403000000000.0
L_rho: 7921226.962679852
Mp: 1.1
P0: 485.27708139999993
Q_CMB: 7400000000000.0
T0: 6995.600581999999
TL0: 7807.040846099021
XFe: 45.0
alpha_c: 1.4366387052062145e-05
beta: 0.83
chi0: 0.056
dTL_dP: 9.0e-09
dTL_dchi: -21000.0
gamma: 1.2532927974384929
k_c: 163.0
r_IC: 1221000.0
r_IC_0: 2709986.980184257
r_OC: 3684504.4656983004
rho_0: 14691.462579581104
rho_c: 12502.0
