A_rho: 0.5376104696668284
CP: 962.3831167822713
DeltaS: 127.0
Deltarho_ICB: 500.0
FeM: 20.0
H: 0.0
K_c: 1403000000000.0
L_rho: 7967544.705585532
Mp: 1.0
P0: 501.75449789999993
Q_CMB: 7400000000000.0
T0: 6000.6675349
TL0: 7942.454227362248
XFe: 60.0
alpha_c: 1.3342456498817451e-05
beta: 0.83
chi0: 0.056
dTL_dP: 9.0e-09
dTL_dchi: -21000.0
gamma: 1.25413417498337
k_c: 163.0
r_IC: 1221000.0
r_IC_0: 3688883.7010148535
r_OC: 3913670.646874
rho_0: 14946.747674472725
rho_c: 12502.0
