A_rho: 0.47778579221704365
CP: 1195.1661972248546
DeltaS: 127.0
Deltarho_ICB: 500.0
FeM: 0.0
H: 0.0
K_c: 1403000000000.0
L_rho: 7654930.486097557
Mp: 1.0
P0: 385.5235603
Q_CMB: 7400000000000.0
T0: 7203.324037100001
TL0: 6934.544512716382
XFe: 30.0
alpha_c: 1.7311040501227393e-05
beta: 0.83
chi0: 0.056
dTL_dP: 9.0e-09
dTL_dchi: -21000.0
gamma: 1.2684914872016617
k_c: 163.0
r_IC: 1221000.0
r_IC_0: 0.0
r_OC: 3268923.0765307
rho_0: 13755.624617876663
rho_c: 12502.0
