A_rho: 0.4725641646108562
CP: 1083.0475051358783
DeltaS: 127.0
Deltarho_ICB: 500.0
FeM: 20.0
H: 0.0
K_c: 1403000000000.0
L_rho: 6794664.686677199
Mp: 1.0
P0: 183.9613394
Q_CMB: 7400000000000.0
T0: 4944.85113
TL0: 4737.354606296979
XFe: 15.0
alpha_c: 1.8532786725568e-05
beta: 0.83
chi0: 0.056
dTL_dP: 9.0e-09
dTL_dchi: -21000.0
gamma: 1.2905268249983997
k_c: 163.0
r_IC: 1221000.0
r_IC_0: 0.0
r_OC: 841020.2475600999
rho_0: 11762.276507223556
rho_c: 12502.0
