A_rho: 0.3781738125963366
CP: 1141.0330542679947
DeltaS: 127.0
Deltarho_ICB: 500.0
FeM: 10.0
H: 0.0
K_c: 1403000000000.0
L_rho: 7901205.008577157
Mp: 1.5
P0: 487.24387249999995
Q_CMB: 7400000000000.0
T0: 7771.024160600001
TL0: 7823.320154089222
XFe: 25.0
alpha_c: 1.3474641361060432e-05
beta: 0.83
chi0: 0.056
dTL_dP: 9.0e-09
dTL_dchi: -21000.0
gamma: 1.2407579145442105
k_c: 163.0
r_IC: 1221000.0
r_IC_0: 753380.3156817924
r_OC: 3116151.9989265
rho_0: 14607.87875038969
rho_c: 12502.0
