A_rho: 0.3667216360363126
CP: 1148.7620038526704
DeltaS: 127.0
Deltarho_ICB: 500.0
FeM: 5.0
H: 0.0
K_c: 1403000000000.0
L_rho: 8444267.415905125
Mp: 1.8
P0: 748.5737345
Q_CMB: 7400000000000.0
T0: 9418.972209399999
TL0: 9759.611397571372
XFe: 40.0
alpha_c: 1.1834135495551145e-05
beta: 0.83
chi0: 0.056
dTL_dP: 9.0e-09
dTL_dchi: -21000.0
gamma: 1.2205974604167962
k_c: 163.0
r_IC: 1221000.0
r_IC_0: 1955512.019530462
r_OC: 4102932.1964704003
rho_0: 16368.844381774334
rho_c: 12502.0
