A_rho: 0.43387489870928053
CP: 1198.2611857132376
DeltaS: 127.0
Deltarho_ICB: 500.0
FeM: 5.0
H: 0.0
K_c: 1403000000000.0
L_rho: 7371067.054364341
Mp: 1.1
P0: 307.45419260000006
Q_CMB: 7400000000000.0
T0: 6703.638671899999
TL0: 6171.754331293499
XFe: 15.0
alpha_c: 1.7600959015119773e-05
beta: 0.83
chi0: 0.056
dTL_dP: 9.0e-09
dTL_dchi: -21000.0
gamma: 1.2722364611028725
k_c: 163.0
r_IC: 1221000.0
r_IC_0: 0.0
r_OC: 2457106.1814317997
rho_0: 13016.693683109272
rho_c: 12502.0
