A_rho: 0.6040886596128118
CP: 914.3203603458213
DeltaS: 127.0
Deltarho_ICB: 500.0
FeM: 15.0
H: 0.0
K_c: 1403000000000.0
L_rho: 8508122.336843321
Mp: 1.3
P0: 736.1051756
Q_CMB: 7400000000000.0
T0: 6414.8661434
TL0: 9675.551927507151
XFe: 80.0
alpha_c: 1.2069212165308508e-05
beta: 0.83
chi0: 0.056
dTL_dP: 9.0e-09
dTL_dchi: -21000.0
gamma: 1.2407294780716747
k_c: 163.0
r_IC: 1221000.0
r_IC_0: 4531396.63289833
r_OC: 4791601.269091001
rho_0: 16591.76162667826
rho_c: 12502.0
