A_rho: 0.5898230215022955
CP: 1068.569988494308
DeltaS: 127.0
Deltarho_ICB: 500.0
FeM: 0.0
H: 0.0
K_c: 1403000000000.0
L_rho: 8081823.662458444
Mp: 1.0
P0: 526.5643951000001
Q_CMB: 7400000000000.0
T0: 6970.1523013
TL0: 8142.339969955502
XFe: 65.0
alpha_c: 1.5640098914297874e-05
beta: 0.83
chi0: 0.056
dTL_dP: 9.0e-09
dTL_dchi: -21000.0
gamma: 1.261564548861451
k_c: 163.0
r_IC: 1221000.0
r_IC_0: 3170042.544857929
r_OC: 4220533.1447157
rho_0: 15030.420131438106
rho_c: 12502.0
