A_rho: 0.4045802018650601
CP: 1042.9385828263698
DeltaS: 127.0
Deltarho_ICB: 500.0
FeM: 15.0
H: 0.0
K_c: 1403000000000.0
L_rho: 8394282.575438574
Mp: 1.6
P0: 723.8439457999999
Q_CMB: 7400000000000.0
T0: 8124.598857100001
TL0: 9592.21405569595
XFe: 50.0
alpha_c: 1.1253458684256762e-05
beta: 0.83
chi0: 0.056
dTL_dP: 9.0e-09
dTL_dchi: -21000.0
gamma: 1.2236606276158462
k_c: 163.0
r_IC: 1221000.0
r_IC_0: 3602225.4334563217
r_OC: 4163124.2695202995
rho_0: 16347.39085349201
rho_c: 12502.0
