A_rho: 0.5609322074225969
CP: 945.1732245636547
DeltaS: 127.0
Deltarho_ICB: 500.0
FeM: 20.0
H: 0.0
K_c: 1403000000000.0
L_rho: 8029158.813105073
Mp: 1.0
P0: 522.7782413
Q_CMB: 7400000000000.0
T0: 5908.527844
TL0: 8112.1361048555245
XFe: 65.0
alpha_c: 1.3225541555124617e-05
beta: 0.83
chi0: 0.056
dTL_dP: 9.0e-09
dTL_dchi: -21000.0
gamma: 1.2540299889042763
k_c: 163.0
r_IC: 1221000.0
r_IC_0: 3850860.121403128
r_OC: 4057636.5540474
rho_0: 15124.877452031802
rho_c: 12502.0
