A_rho: 0.488130207161614
CP: 992.7818597685066
DeltaS: 127.0
Deltarho_ICB: 500.0
FeM: 15.0
H: 0.0
K_c: 1403000000000.0
L_rho: 8426239.369855948
Mp: 1.4
P0: 721.7695164
Q_CMB: 7400000000000.0
T0: 7393.9330193000005
TL0: 9578.046923437103
XFe: 65.0
alpha_c: 1.1814386419756408e-05
beta: 0.83
chi0: 0.056
dTL_dP: 9.0e-09
dTL_dchi: -21000.0
gamma: 1.2328113320432508
k_c: 163.0
r_IC: 1221000.0
r_IC_0: 4094310.175023457
r_OC: 4483513.595796401
rho_0: 16407.18366089867
rho_c: 12502.0
