A_rho: 0.442815583637055
CP: 992.7773969318644
DeltaS: 127.0
Deltarho_ICB: 500.0
FeM: 20.0
H: 0.0
K_c: 1403000000000.0
L_rho: 8285786.291930543
Mp: 1.4
P0: 662.0288843
Q_CMB: 7400000000000.0
T0: 7223.5775131
TL0: 9161.22052653277
XFe: 55.0
alpha_c: 1.1456343726878252e-05
beta: 0.83
chi0: 0.056
dTL_dP: 9.0e-09
dTL_dchi: -21000.0
gamma: 1.231018264802029
k_c: 163.0
r_IC: 1221000.0
r_IC_0: 3885834.8347871634
r_OC: 4120447.2994254
rho_0: 16019.993761129139
rho_c: 12502.0
