A_rho: 0.5589319249526086
CP: 1056.0900489213138
DeltaS: 127.0
Deltarho_ICB: 500.0
FeM: 5.0
H: 0.0
K_c: 1403000000000.0
L_rho: 8017418.906892451
Mp: 1.0
P0: 508.923635
Q_CMB: 7400000000000.0
T0: 6819.0395451
TL0: 8000.696827967068
XFe: 60.0
alpha_c: 1.5111688876451596e-05
beta: 0.83
chi0: 0.056
dTL_dP: 9.0e-09
dTL_dchi: -21000.0
gamma: 1.2595659546511797
k_c: 163.0
r_IC: 1221000.0
r_IC_0: 3158327.724064479
r_OC: 4063400.2745141
rho_0: 14907.35168308967
rho_c: 12502.0
