A_rho: 0.4712574220246734
CP: 1162.2052734933268
DeltaS: 127.0
Deltarho_ICB: 500.0
FeM: 0.0
H: 0.0
K_c: 1403000000000.0
L_rho: 8069388.602063549
Mp: 1.2
P0: 538.447371
Q_CMB: 7400000000000.0
T0: 8015.6561716999995
TL0: 8236.458104579073
XFe: 45.0
alpha_c: 1.5101797329124228e-05
beta: 0.83
chi0: 0.056
dTL_dP: 9.0e-09
dTL_dchi: -21000.0
gamma: 1.2510157475369668
k_c: 163.0
r_IC: 1221000.0
r_IC_0: 1540647.6924921316
r_OC: 3922643.6192000997
rho_0: 14998.971757783886
rho_c: 12502.0
