A_rho: 0.4273323617620375
CP: 1035.338822320278
DeltaS: 127.0
Deltarho_ICB: 500.0
FeM: 20.0
H: 0.0
K_c: 1403000000000.0
L_rho: 7772079.175754053
Mp: 1.2
P0: 440.7075858
Q_CMB: 7400000000000.0
T0: 6502.2245840000005
TL0: 7429.1518489685
XFe: 35.0
alpha_c: 1.3268793360143191e-05
beta: 0.83
chi0: 0.056
dTL_dP: 9.0e-09
dTL_dchi: -21000.0
gamma: 1.2486964102573235
k_c: 163.0
r_IC: 1221000.0
r_IC_0: 2797900.9046903634
r_OC: 3158687.8289143997
rho_0: 14369.851895717697
rho_c: 12502.0
