A_rho: 0.45927284337043595
CP: 1123.0241433416074
DeltaS: 127.0
Deltarho_ICB: 500.0
FeM: 10.0
H: 0.0
K_c: 1403000000000.0
L_rho: 7462988.169632924
Mp: 1.0
P0: 334.1390526
Q_CMB: 7400000000000.0
T0: 6385.0289961
TL0: 6442.052226402433
XFe: 25.0
alpha_c: 1.64561278924362e-05
beta: 0.83
chi0: 0.056
dTL_dP: 9.0e-09
dTL_dchi: -21000.0
gamma: 1.2693389167614588
k_c: 163.0
r_IC: 1221000.0
r_IC_0: 747042.5775170219
r_OC: 2798218.7153725
rho_0: 13357.503138737466
rho_c: 12502.0
