A_rho: 0.3914756754897316
CP: 1146.1385131836082
DeltaS: 127.0
Deltarho_ICB: 500.0
FeM: 5.0
H: 0.0
K_c: 1403000000000.0
L_rho: 8304772.8022682415
Mp: 1.6
P0: 666.6278341
Q_CMB: 7400000000000.0
T0: 8856.9958124
TL0: 9193.940472875975
XFe: 40.0
alpha_c: 1.2628098874711644e-05
beta: 0.83
chi0: 0.056
dTL_dP: 9.0e-09
dTL_dchi: -21000.0
gamma: 1.2294891514987814
k_c: 163.0
r_IC: 1221000.0
r_IC_0: 1923391.621990259
r_OC: 3979105.1658651
rho_0: 15868.123878937096
rho_c: 12502.0
