A_rho: 0.42315165479455213
CP: 971.6836197553794
DeltaS: 127.0
Deltarho_ICB: 500.0
FeM: 20.0
H: 0.0
K_c: 1403000000000.0
L_rho: 8712160.089094998
Mp: 1.8
P0: 924.3773332999999
Q_CMB: 7400000000000.0
T0: 8132.492357800001
TL0: 10879.62928768346
XFe: 65.0
alpha_c: 9.943468259111768e-06
beta: 0.83
chi0: 0.056
dTL_dP: 9.0e-09
dTL_dchi: -21000.0
gamma: 1.2126205188321812
k_c: 163.0
r_IC: 1221000.0
r_IC_0: 4557419.430136666
r_OC: 4739644.879445201
rho_0: 17589.069695353286
rho_c: 12502.0
