A_rho: 0.4146493782875888
CP: 1052.6310558874025
DeltaS: 127.0
Deltarho_ICB: 500.0
FeM: 10.0
H: 0.0
K_c: 1403000000000.0
L_rho: 8686447.308380224
Mp: 1.8
P0: 896.3008970000001
Q_CMB: 7400000000000.0
T0: 8985.496640000001
TL0: 10708.174439380487
XFe: 60.0
alpha_c: 1.0890250719032697e-05
beta: 0.83
chi0: 0.056
dTL_dP: 9.0e-09
dTL_dchi: -21000.0
gamma: 1.2160397567082963
k_c: 163.0
r_IC: 1221000.0
r_IC_0: 3939661.875046081
r_OC: 4695037.103662999
rho_0: 17342.58606930649
rho_c: 12502.0
