A_rho: 0.5249791214153917
CP: 984.4218573295122
DeltaS: 127.0
Deltarho_ICB: 500.0
FeM: 15.0
H: 0.0
K_c: 1403000000000.0
L_rho: 8249259.121852325
Mp: 1.2
P0: 622.8518106
Q_CMB: 7400000000000.0
T0: 6799.2554544
TL0: 8877.891866252037
XFe: 65.0
alpha_c: 1.2700079850216329e-05
beta: 0.83
chi0: 0.056
dTL_dP: 9.0e-09
dTL_dchi: -21000.0
gamma: 1.243522364562041
k_c: 163.0
r_IC: 1221000.0
r_IC_0: 3927412.3455985184
r_OC: 4306641.8858808
rho_0: 15783.981123352343
rho_c: 12502.0
