A_rho: 0.4688549723087804
CP: 1151.2661133974066
DeltaS: 127.0
Deltarho_ICB: 0.0
FeM: 0.0
H: 0.0
K_c: 1403000000000.0
L_rho: 8218854.268029236
Mp: 1.3
P0: 606.3099014
Q_CMB: 7400000000000.0
T0: 8338.984502
TL0: 8755.671610019324
XFe: 50.0
alpha_c: 1.4374953137601409e-05
beta: 0.83
chi0: 0.056
dTL_dP: 9.0e-09
dTL_dchi: -21000.0
gamma: 1.2445721296490297
k_c: 163.0
r_IC: 1221000.0
r_IC_0: 2101899.943412795
r_OC: 4145686.8981412
rho_0: 15486.83836532739
rho_c: 12502.0
