A_rho: 0.4182542700220375
CP: 1094.2772840178177
DeltaS: 127.0
Deltarho_ICB: 500.0
FeM: 15.0
H: 0.0
K_c: 1403000000000.0
L_rho: 7590847.57158281
Mp: 1.2
P0: 376.8639507
Q_CMB: 7400000000000.0
T0: 6574.866589
TL0: 6853.8845010246
XFe: 25.0
alpha_c: 1.463427448998436e-05
beta: 0.83
chi0: 0.056
dTL_dP: 9.0e-09
dTL_dchi: -21000.0
gamma: 1.2565732042028632
k_c: 163.0
r_IC: 1221000.0
r_IC_0: 1629383.0206568278
r_OC: 2759352.4093192
rho_0: 13764.106181857476
rho_c: 12502.0
