A_rho: 0.4566547772441972
CP: 1238.181344494784
DeltaS: 127.0
Deltarho_ICB: 500.0
FeM: 0.0
H: 0.0
K_c: 1403000000000.0
L_rho: 7357015.973834183
Mp: 1.0
P0: 300.9634335
Q_CMB: 7400000000000.0
T0: 6830.8632411
TL0: 6104.305869642792
XFe: 15.0
alpha_c: 1.8914285057011665e-05
beta: 0.83
chi0: 0.056
dTL_dP: 9.0e-09
dTL_dchi: -21000.0
gamma: 1.2783137495633858
k_c: 163.0
r_IC: 1221000.0
r_IC_0: 0.0
r_OC: 2612728.7010861
rho_0: 12921.489281450686
rho_c: 12502.0
