A_rho: 0.43666157803728517
CP: 1048.8410098924583
DeltaS: 127.0
Deltarho_ICB: 500.0
FeM: 15.0
H: 0.0
K_c: 1403000000000.0
L_rho: 8079821.3299976485
Mp: 1.3
P0: 560.304515
Q_CMB: 7400000000000.0
T0: 7271.1938746999995
TL0: 8406.982380888037
XFe: 45.0
alpha_c: 1.2703969334161805e-05
beta: 0.83
chi0: 0.056
dTL_dP: 9.0e-09
dTL_dchi: -21000.0
gamma: 1.2399380206310713
k_c: 163.0
r_IC: 1221000.0
r_IC_0: 3153290.7414884283
r_OC: 3766533.7009731005
rho_0: 15265.893812850254
rho_c: 12502.0
