A_rho: 0.4288986256919892
CP: 1002.4279369096705
DeltaS: 127.0
Deltarho_ICB: 500.0
FeM: 15.0
H: 0.0
K_c: 1403000000000.0
L_rho: 8728124.642143115
Mp: 1.8
P0: 927.0526057
Q_CMB: 7400000000000.0
T0: 8496.672845199999
TL0: 10895.833785525598
XFe: 65.0
alpha_c: 1.0385671406555522e-05
beta: 0.83
chi0: 0.056
dTL_dP: 9.0e-09
dTL_dchi: -21000.0
gamma: 1.2144694153440432
k_c: 163.0
r_IC: 1221000.0
r_IC_0: 4395029.555089017
r_OC: 4791828.1132814
rho_0: 17569.638152625575
rho_c: 12502.0
