A_rho: 0.3988145218674565
CP: 1111.0514560775891
DeltaS: 127.0
Deltarho_ICB: 500.0
FeM: 15.0
H: 0.0
K_c: 1403000000000.0
L_rho: 7518617.682644082
Mp: 1.3
P0: 354.9949848
Q_CMB: 7400000000000.0
T0: 6587.9916469
TL0: 6646.089056043284
XFe: 20.0
alpha_c: 1.4757207351652253e-05
beta: 0.83
chi0: 0.056
dTL_dP: 9.0e-09
dTL_dchi: -21000.0
gamma: 1.2565407097283736
k_c: 163.0
r_IC: 1221000.0
r_IC_0: 758945.5773877859
r_OC: 2435254.0037761
rho_0: 13543.421656570097
rho_c: 12502.0
