A_rho: 0.39552276645920825
CP: 1093.0081602025305
DeltaS: 127.0
Deltarho_ICB: 500.0
FeM: 5.0
H: 0.0
K_c: 1403000000000.0
L_rho: 8829946.48735454
Mp: 2.0
P0: 998.2000537
Q_CMB: 7400000000000.0
T0: 9947.012813500001
TL0: 11318.757948724062
XFe: 60.0
alpha_c: 1.0789286420047249e-05
beta: 0.83
chi0: 0.056
dTL_dP: 9.0e-09
dTL_dchi: -21000.0
gamma: 1.2102289696321822
k_c: 163.0
r_IC: 1221000.0
r_IC_0: 3683859.1899507563
r_OC: 4878512.8141581
rho_0: 17834.330915660343
rho_c: 12502.0
