A_rho: 0.3335337455561581
CP: 1120.342549774935
DeltaS: 127.0
Deltarho_ICB: 500.0
FeM: 10.0
H: 0.0
K_c: 1403000000000.0
L_rho: 8449081.736497592
Mp: 2.0
P0: 764.4421861000001
Q_CMB: 7400000000000.0
T0: 9355.6005392
TL0: 9865.615990094326
XFe: 35.0
alpha_c: 1.084973208555023e-05
beta: 0.83
chi0: 0.056
dTL_dP: 9.0e-09
dTL_dchi: -21000.0
gamma: 1.212837658776448
k_c: 163.0
r_IC: 1221000.0
r_IC_0: 2352274.5463148337
r_OC: 3892589.3205879
rho_0: 16482.663444526537
rho_c: 12502.0
