A_rho: 0.3195657327824883
CP: 1217.2757399255163
DeltaS: 127.0
Deltarho_ICB: 500.0
FeM: 5.0
H: 0.0
K_c: 1403000000000.0
L_rho: 8030560.762059518
Mp: 2.0
P0: 541.0418589999999
Q_CMB: 7400000000000.0
T0: 8938.4319578
TL0: 8256.873113621034
XFe: 15.0
alpha_c: 1.2867119734590956e-05
beta: 0.83
chi0: 0.056
dTL_dP: 9.0e-09
dTL_dchi: -21000.0
gamma: 1.2284740192074435
k_c: 163.0
r_IC: 1221000.0
r_IC_0: 0.0
r_OC: 2880823.1636175
rho_0: 14898.625568184329
rho_c: 12502.0
