A_rho: 0.34026828270114184
CP: 1209.194454557851
DeltaS: 127.0
Deltarho_ICB: 500.0
FeM: 0.0
H: 0.0
K_c: 1403000000000.0
L_rho: 8526626.104366839
Mp: 2.0
P0: 796.3912762
Q_CMB: 7400000000000.0
T0: 10357.6764358
TL0: 10075.853835145062
XFe: 35.0
alpha_c: 1.187620940481e-05
beta: 0.83
chi0: 0.056
dTL_dP: 9.0e-09
dTL_dchi: -21000.0
gamma: 1.2159179633407677
k_c: 163.0
r_IC: 1221000.0
r_IC_0: 0.0
r_OC: 4126574.6265581003
rho_0: 16575.267039317572
rho_c: 12502.0
