A_rho: 0.4384247437012268
CP: 1053.298419558316
DeltaS: 127.0
Deltarho_ICB: 500.0
FeM: 5.0
H: 0.0
K_c: 1403000000000.0
L_rho: 8941946.515951866
Mp: 2.0
P0: 1067.7938517
Q_CMB: 7400000000000.0
T0: 9635.433013700002
TL0: 11718.519135887904
XFe: 70.0
alpha_c: 1.0766455434307461e-05
beta: 0.83
chi0: 0.056
dTL_dP: 9.0e-09
dTL_dchi: -21000.0
gamma: 1.21139177191608
k_c: 163.0
r_IC: 1221000.0
r_IC_0: 4310426.07815134
r_OC: 5165538.1653478
rho_0: 18242.347641241053
rho_c: 12502.0
