A_rho: 0.318411381510495
CP: 1119.8726576876388
DeltaS: 127.0
Deltarho_ICB: 500.0
FeM: 15.0
H: 0.0
K_c: 1403000000000.0
L_rho: 7998527.055353657
Mp: 2.0
P0: 535.8941403
Q_CMB: 7400000000000.0
T0: 8110.2052253
TL0: 8216.321103168404
XFe: 20.0
alpha_c: 1.1678266643289802e-05
beta: 0.83
chi0: 0.056
dTL_dP: 9.0e-09
dTL_dchi: -21000.0
gamma: 1.2245435402349354
k_c: 163.0
r_IC: 1221000.0
r_IC_0: 1073948.5721003676
r_OC: 2729523.3132288996
rho_0: 14968.938712076519
rho_c: 12502.0
