A_rho: 0.3278108019380862
CP: 1235.8483177829821
DeltaS: 127.0
Deltarho_ICB: 500.0
FeM: 0.0
H: 0.0
K_c: 1403000000000.0
L_rho: 8352635.75104725
Mp: 2.0
P0: 695.644995
Q_CMB: 7400000000000.0
T0: 10057.6893535
TL0: 9397.911733562094
XFe: 25.0
alpha_c: 1.2387517086950738e-05
beta: 0.83
chi0: 0.056
dTL_dP: 9.0e-09
dTL_dchi: -21000.0
gamma: 1.2204457456125708
k_c: 163.0
r_IC: 1221000.0
r_IC_0: 0.0
r_OC: 3701736.2227757005
rho_0: 15927.347577524737
rho_c: 12502.0
