A_rho: 0.3701339041391938
CP: 1167.2371682596256
DeltaS: 127.0
Deltarho_ICB: 500.0
FeM: 0.0
H: 0.0
K_c: 1403000000000.0
L_rho: 8732138.985025607
Mp: 2.0
P0: 926.1807113
Q_CMB: 7400000000000.0
T0: 10506.9090184
TL0: 10890.555093885641
XFe: 50.0
alpha_c: 1.1462866674106094e-05
beta: 0.83
chi0: 0.056
dTL_dP: 9.0e-09
dTL_dchi: -21000.0
gamma: 1.2126739658703265
k_c: 163.0
r_IC: 1221000.0
r_IC_0: 2108479.386500817
r_OC: 4640768.5529987
rho_0: 17362.87635339804
rho_c: 12502.0
