A_rho: 0.4918965345737671
CP: 938.6701919967982
DeltaS: 127.0
Deltarho_ICB: 500.0
FeM: 15.0
H: 0.0
K_c: 1403000000000.0
L_rho: 9030311.030428898
Mp: 2.0
P0: 1130.3437184
Q_CMB: 7400000000000.0
T0: 8265.9733994
TL0: 12067.16176973105
XFe: 80.0
alpha_c: 9.899090150108017e-06
beta: 0.83
chi0: 0.056
dTL_dP: 9.0e-09
dTL_dchi: -21000.0
gamma: 1.2105826870262357
k_c: 163.0
r_IC: 1221000.0
r_IC_0: 5108008.66694455
r_OC: 5369352.075364
rho_0: 18686.232091480742
rho_c: 12502.0
