A_rho: 0.32048318702396233
CP: 1105.8379180526465
DeltaS: 127.0
Deltarho_ICB: 500.0
FeM: 15.0
H: 0.0
K_c: 1403000000000.0
L_rho: 8161229.217269723
Mp: 2.0
P0: 612.8589522000001
Q_CMB: 7400000000000.0
T0: 8436.480427399998
TL0: 8804.250477193213
XFe: 25.0
alpha_c: 1.111911154327191e-05
beta: 0.83
chi0: 0.056
dTL_dP: 9.0e-09
dTL_dchi: -21000.0
gamma: 1.2189271460503124
k_c: 163.0
r_IC: 1221000.0
r_IC_0: 1971974.1700616917
r_OC: 3150073.0221846
rho_0: 15527.550284355935
rho_c: 12502.0
