A_rho: 0.3544784751457534
CP: 1137.1573144545448
DeltaS: 127.0
Deltarho_ICB: 500.0
FeM: 5.0
H: 0.0
K_c: 1403000000000.0
L_rho: 8643179.27973097
Mp: 2.0
P0: 877.2232259
Q_CMB: 7400000000000.0
T0: 10017.172674899999
TL0: 10590.18207941001
XFe: 45.0
alpha_c: 1.100231991146615e-05
beta: 0.83
chi0: 0.056
dTL_dP: 9.0e-09
dTL_dchi: -21000.0
gamma: 1.2113086072366415
k_c: 163.0
r_IC: 1221000.0
r_IC_0: 2518777.143012755
r_OC: 4397959.6307328
rho_0: 17122.873291298514
rho_c: 12502.0
