A_rho: 0.39899322629538164
CP: 974.0685265231205
DeltaS: 127.0
Deltarho_ICB: 500.0
FeM: 20.0
H: 0.0
K_c: 1403000000000.0
L_rho: 8840651.420514634
Mp: 2.0
P0: 1028.5994969
Q_CMB: 7400000000000.0
T0: 8621.840326700001
TL0: 11494.989072803828
XFe: 65.0
alpha_c: 9.383596684036454e-06
beta: 0.83
chi0: 0.056
dTL_dP: 9.0e-09
dTL_dchi: -21000.0
gamma: 1.204709297750276
k_c: 163.0
r_IC: 1221000.0
r_IC_0: 4700385.390747802
r_OC: 4870684.507888299
rho_0: 18127.834999104667
rho_c: 12502.0
