A_rho: 0.34116598411190485
CP: 1108.5845929439045
DeltaS: 127.0
Deltarho_ICB: 500.0
FeM: 10.0
H: 0.0
K_c: 1403000000000.0
L_rho: 8534660.267784346
Mp: 2.0
P0: 816.2704125
Q_CMB: 7400000000000.0
T0: 9470.394459899999
TL0: 10204.60626662159
XFe: 40.0
alpha_c: 1.0656140180966055e-05
beta: 0.83
chi0: 0.056
dTL_dP: 9.0e-09
dTL_dchi: -21000.0
gamma: 1.2109546932256936
k_c: 163.0
r_IC: 1221000.0
r_IC_0: 2782106.448062901
r_OC: 4107376.2993838997
rho_0: 16804.64218081771
rho_c: 12502.0
