A_rho: 0.365075533225246
CP: 1001.1901654149876
DeltaS: 127.0
Deltarho_ICB: 500.0
FeM: 20.0
H: 0.0
K_c: 1403000000000.0
L_rho: 8707316.95198323
Mp: 2.0
P0: 941.3292081000001
Q_CMB: 7400000000000.0
T0: 8734.156381
TL0: 10981.928317342225
XFe: 55.0
alpha_c: 9.439691964955093e-06
beta: 0.83
chi0: 0.056
dTL_dP: 9.0e-09
dTL_dchi: -21000.0
gamma: 1.2045438434161009
k_c: 163.0
r_IC: 1221000.0
r_IC_0: 4313438.0723263165
r_OC: 4516372.078515401
rho_0: 17632.66121484785
rho_c: 12502.0
