A_rho: 0.32162591287328085
CP: 1201.8852787306146
DeltaS: 127.0
Deltarho_ICB: 500.0
FeM: 5.0
H: 0.0
K_c: 1403000000000.0
L_rho: 8177753.87483782
Mp: 2.0
P0: 610.4884377999999
Q_CMB: 7400000000000.0
T0: 9263.3261617
TL0: 8786.695929984793
XFe: 20.0
alpha_c: 1.2297852779035145e-05
beta: 0.83
chi0: 0.056
dTL_dP: 9.0e-09
dTL_dchi: -21000.0
gamma: 1.2232958218483483
k_c: 163.0
r_IC: 1221000.0
r_IC_0: 0.0
r_OC: 3248557.2647345
rho_0: 15404.03399063046
rho_c: 12502.0
