A_rho: 0.46625114187065214
CP: 1027.0937205797827
DeltaS: 127.0
Deltarho_ICB: 500.0
FeM: 5.0
H: 0.0
K_c: 1403000000000.0
L_rho: 8997190.002156418
Mp: 2.0
P0: 1098.1808591
Q_CMB: 7400000000000.0
T0: 9357.3225022
TL0: 11889.093905794496
XFe: 75.0
alpha_c: 1.0773658818758086e-05
beta: 0.83
chi0: 0.056
dTL_dP: 9.0e-09
dTL_dchi: -21000.0
gamma: 1.2126156746008558
k_c: 163.0
r_IC: 1221000.0
r_IC_0: 4593439.5308904955
r_OC: 5301567.4844668
rho_0: 18426.072319435556
rho_c: 12502.0
