A_rho: 0.400279109685325
CP: 1134.0546348473924
DeltaS: 127.0
Deltarho_ICB: 500.0
FeM: 0.0
H: 0.0
K_c: 1403000000000.0
L_rho: 8845304.318880884
Mp: 2.0
P0: 999.1137385
Q_CMB: 7400000000000.0
T0: 10388.3210453
TL0: 11324.092383953612
XFe: 60.0
alpha_c: 1.1351539502968579e-05
beta: 0.83
chi0: 0.056
dTL_dP: 9.0e-09
dTL_dchi: -21000.0
gamma: 1.2124832550797289
k_c: 163.0
r_IC: 1221000.0
r_IC_0: 3163259.469089812
r_OC: 4932135.8439876
rho_0: 17794.443574263612
rho_c: 12502.0
