A_rho: 0.4857681981003245
CP: 912.9350136668961
DeltaS: 127.0
Deltarho_ICB: 500.0
FeM: 20.0
H: 0.0
K_c: 1403000000000.0
L_rho: 9018708.376815448
Mp: 2.0
P0: 1130.8784300999998
Q_CMB: 7400000000000.0
T0: 7929.593061699999
TL0: 12070.101257884864
XFe: 80.0
alpha_c: 9.50621514408201e-06
beta: 0.83
chi0: 0.056
dTL_dP: 9.0e-09
dTL_dchi: -21000.0
gamma: 1.2089100867883995
k_c: 163.0
r_IC: 1221000.0
r_IC_0: 5197999.340157186
r_OC: 5336637.4441272
rho_0: 18717.530147895355
rho_c: 12502.0
