A_rho: 0.34621092870890335
CP: 1058.76384754745
DeltaS: 127.0
Deltarho_ICB: 500.0
FeM: 15.0
H: 0.0
K_c: 1403000000000.0
L_rho: 8584487.467594054
Mp: 2.0
P0: 854.5884563
Q_CMB: 7400000000000.0
T0: 9098.908336499999
TL0: 10448.563363272533
XFe: 45.0
alpha_c: 1.004896048437199e-05
beta: 0.83
chi0: 0.056
dTL_dP: 9.0e-09
dTL_dchi: -21000.0
gamma: 1.207866278044668
k_c: 163.0
r_IC: 1221000.0
r_IC_0: 3573373.729139053
r_OC: 4213389.2635217
rho_0: 17082.994443568565
rho_c: 12502.0
