A_rho: 0.45564487311246676
CP: 966.068767547925
DeltaS: 127.0
Deltarho_ICB: 500.0
FeM: 15.0
H: 0.0
K_c: 1403000000000.0
L_rho: 8969877.313100178
Mp: 2.0
P0: 1098.5093415
Q_CMB: 7400000000000.0
T0: 8610.0542938
TL0: 11890.9252194064
XFe: 75.0
alpha_c: 9.861664798879066e-06
beta: 0.83
chi0: 0.056
dTL_dP: 9.0e-09
dTL_dchi: -21000.0
gamma: 1.2088220624346193
k_c: 163.0
r_IC: 1221000.0
r_IC_0: 4919126.219703845
r_OC: 5222234.7628539
rho_0: 18495.958076938346
rho_c: 12502.0
