A_rho: 0.44367755986815155
CP: 1090.6207860570687
DeltaS: 127.0
Deltarho_ICB: 500.0
FeM: 0.0
H: 0.0
K_c: 1403000000000.0
L_rho: 8953384.007462125
Mp: 2.0
P0: 1065.7099643
Q_CMB: 7400000000000.0
T0: 10047.5044815
TL0: 11706.73568545848
XFe: 70.0
alpha_c: 1.1310657631096916e-05
beta: 0.83
chi0: 0.056
dTL_dP: 9.0e-09
dTL_dchi: -21000.0
gamma: 1.213588049617202
k_c: 163.0
r_IC: 1221000.0
r_IC_0: 3990087.250061807
r_OC: 5205197.086101
rho_0: 18191.433145061554
rho_c: 12502.0
