A_rho: 0.4044093861768044
CP: 1005.2078095075543
DeltaS: 127.0
Deltarho_ICB: 500.0
FeM: 15.0
H: 0.0
K_c: 1403000000000.0
L_rho: 8856652.28301179
Mp: 2.0
P0: 1031.3911594
Q_CMB: 7400000000000.0
T0: 9010.4351991
TL0: 11511.045423798585
XFe: 65.0
alpha_c: 9.806756599453445e-06
beta: 0.83
chi0: 0.056
dTL_dP: 9.0e-09
dTL_dchi: -21000.0
gamma: 1.2065708978177112
k_c: 163.0
r_IC: 1221000.0
r_IC_0: 4527406.202855616
r_OC: 4924057.946080999
rho_0: 18107.009693499167
rho_c: 12502.0
