A_rho: 0.39053713753466907
CP: 1055.6585727339063
DeltaS: 127.0
Deltarho_ICB: 500.0
FeM: 10.0
H: 0.0
K_c: 1403000000000.0
L_rho: 8810871.022019237
Mp: 2.0
P0: 993.9779872000001
Q_CMB: 7400000000000.0
T0: 9516.0335175
TL0: 11294.077125424046
XFe: 60.0
alpha_c: 1.028796755232918e-05
beta: 0.83
chi0: 0.056
dTL_dP: 9.0e-09
dTL_dchi: -21000.0
gamma: 1.2082183100560595
k_c: 163.0
r_IC: 1221000.0
r_IC_0: 4040896.8628974725
r_OC: 4817688.873269999
rho_0: 17853.612497503498
rho_c: 12502.0
