A_rho: 0.3206517316910284
CP: 1264.9387403556623
DeltaS: 127.0
Deltarho_ICB: 500.0
FeM: 0.0
H: 0.0
K_c: 1403000000000.0
L_rho: 8122922.569145252
Mp: 2.0
P0: 578.2091893999999
Q_CMB: 7400000000000.0
T0: 9558.6501233
TL0: 8544.280237024637
XFe: 15.0
alpha_c: 1.3238947333126354e-05
beta: 0.83
chi0: 0.056
dTL_dP: 9.0e-09
dTL_dchi: -21000.0
gamma: 1.2279323164533382
k_c: 163.0
r_IC: 1221000.0
r_IC_0: 0.0
r_OC: 3141956.4247125997
rho_0: 15112.288230982236
rho_c: 12502.0
