A_rho: 0.3235551088015299
CP: 1250.0077623194372
DeltaS: 127.0
Deltarho_ICB: 500.0
FeM: 0.0
H: 0.0
K_c: 1403000000000.0
L_rho: 8245280.936762624
Mp: 2.0
P0: 638.5392325
Q_CMB: 7400000000000.0
T0: 9832.6610108
TL0: 8992.352463142826
XFe: 20.0
alpha_c: 1.2763979399258864e-05
beta: 0.83
chi0: 0.056
dTL_dP: 9.0e-09
dTL_dchi: -21000.0
gamma: 1.2237917398275384
k_c: 163.0
r_IC: 1221000.0
r_IC_0: 0.0
r_OC: 3442050.2637051004
rho_0: 15540.476881003658
rho_c: 12502.0
