A_rho: 0.31918277852543026
CP: 1175.0739881135487
DeltaS: 127.0
Deltarho_ICB: 500.0
FeM: 10.0
H: 0.0
K_c: 1403000000000.0
L_rho: 7914965.192045448
Mp: 2.0
P0: 495.59895379999995
Q_CMB: 7400000000000.0
T0: 8299.417105
TL0: 7892.123279067071
XFe: 15.0
alpha_c: 1.2642652404822076e-05
beta: 0.83
chi0: 0.056
dTL_dP: 9.0e-09
dTL_dchi: -21000.0
gamma: 1.2301457197957757
k_c: 163.0
r_IC: 1221000.0
r_IC_0: 0.0
r_OC: 2544931.2017837996
rho_0: 14606.85381721899
rho_c: 12502.0
