A_rho: 0.3369167109868965
CP: 1162.54015368935
DeltaS: 127.0
Deltarho_ICB: 500.0
FeM: 5.0
H: 0.0
K_c: 1403000000000.0
L_rho: 8491189.012258835
Mp: 2.0
P0: 782.6468265999999
Q_CMB: 7400000000000.0
T0: 9853.822376
TL0: 9985.920773522512
XFe: 35.0
alpha_c: 1.1325013356521548e-05
beta: 0.83
chi0: 0.056
dTL_dP: 9.0e-09
dTL_dchi: -21000.0
gamma: 1.214176615767316
k_c: 163.0
r_IC: 1221000.0
r_IC_0: 1246718.3842674396
r_OC: 4017381.1751859
rho_0: 16544.810650091997
rho_c: 12502.0
