A_rho: 0.3658576012676829
CP: 1123.81690518929
DeltaS: 127.0
Deltarho_ICB: 500.0
FeM: 5.0
H: 0.0
K_c: 1403000000000.0
L_rho: 8707979.414754305
Mp: 2.0
P0: 918.9590212000002
Q_CMB: 7400000000000.0
T0: 10034.394177799999
TL0: 10846.739979860822
XFe: 50.0
alpha_c: 1.0906011794566727e-05
beta: 0.83
chi0: 0.056
dTL_dP: 9.0e-09
dTL_dchi: -21000.0
gamma: 1.2106098287067222
k_c: 163.0
r_IC: 1221000.0
r_IC_0: 2949245.208597542
r_OC: 4564526.178388201
rho_0: 17371.031577934686
rho_c: 12502.0
