A_rho: 0.33334129912040555
CP: 1034.9208217420896
DeltaS: 127.0
Deltarho_ICB: 500.0
FeM: 20.0
H: 0.0
K_c: 1403000000000.0
L_rho: 8458566.532959512
Mp: 2.0
P0: 782.7888005
Q_CMB: 7400000000000.0
T0: 8550.197540899999
TL0: 9986.853638794253
XFe: 40.0
alpha_c: 9.816917158286445e-06
beta: 0.83
chi0: 0.056
dTL_dP: 9.0e-09
dTL_dchi: -21000.0
gamma: 1.2083229263456523
k_c: 163.0
r_IC: 1221000.0
r_IC_0: 3602427.5474229176
r_OC: 3873891.5629614997
rho_0: 16690.943875021792
rho_c: 12502.0
