A_rho: 0.5094750651267338
CP: 1027.1543693127517
DeltaS: 127.0
Deltarho_ICB: 500.0
FeM: 0.0
H: 0.0
K_c: 1403000000000.0
L_rho: 9061875.754097365
Mp: 2.0
P0: 1124.2192474
Q_CMB: 7400000000000.0
T0: 9341.2196265
TL0: 12033.445291153797
XFe: 80.0
alpha_c: 1.1277300605605485e-05
beta: 0.83
chi0: 0.056
dTL_dP: 9.0e-09
dTL_dchi: -21000.0
gamma: 1.2160879428141886
k_c: 163.0
r_IC: 1221000.0
r_IC_0: 4692545.07901283
r_OC: 5460357.860563099
rho_0: 18559.670288378802
rho_c: 12502.0
