A_rho: 0.4615788602551666
CP: 995.7521869551472
DeltaS: 127.0
Deltarho_ICB: 500.0
FeM: 10.0
H: 0.0
K_c: 1403000000000.0
L_rho: 8983217.233763156
Mp: 2.0
P0: 1098.8325541
Q_CMB: 7400000000000.0
T0: 8978.765333700001
TL0: 11892.726894279138
XFe: 75.0
alpha_c: 1.0300464110702326e-05
beta: 0.83
chi0: 0.056
dTL_dP: 9.0e-09
dTL_dchi: -21000.0
gamma: 1.2106591122525197
k_c: 163.0
r_IC: 1221000.0
r_IC_0: 4775955.15777252
r_OC: 5261865.0324075
rho_0: 18464.622774175736
rho_c: 12502.0
