A_rho: 0.4728861410925818
CP: 1062.4766288553267
DeltaS: 127.0
Deltarho_ICB: 500.0
FeM: 0.0
H: 0.0
K_c: 1403000000000.0
L_rho: 9006355.94219037
Mp: 2.0
P0: 1095.4972917000002
Q_CMB: 7400000000000.0
T0: 9753.4541558
TL0: 11874.122857354558
XFe: 75.0
alpha_c: 1.130338476839339e-05
beta: 0.83
chi0: 0.056
dTL_dP: 9.0e-09
dTL_dchi: -21000.0
gamma: 1.2146876206121098
k_c: 163.0
r_IC: 1221000.0
r_IC_0: 4353632.950010993
r_OC: 5334097.953486
rho_0: 18375.447714662278
rho_c: 12502.0
