A_rho: 0.32441586821125074
CP: 1093.3681339386183
DeltaS: 127.0
Deltarho_ICB: 500.0
FeM: 15.0
H: 0.0
K_c: 1403000000000.0
L_rho: 8292112.512504698
Mp: 2.0
P0: 681.2282623
Q_CMB: 7400000000000.0
T0: 8682.4119219
TL0: 9297.098514986259
XFe: 30.0
alpha_c: 1.0723120060026415e-05
beta: 0.83
chi0: 0.056
dTL_dP: 9.0e-09
dTL_dchi: -21000.0
gamma: 1.2148368524620707
k_c: 163.0
r_IC: 1221000.0
r_IC_0: 2515211.0015990776
r_OC: 3479283.6599948998
rho_0: 15994.122753978821
rho_c: 12502.0
