A_rho: 0.3274324057388058
CP: 1132.4470436693014
DeltaS: 127.0
Deltarho_ICB: 500.0
FeM: 10.0
H: 0.0
K_c: 1403000000000.0
L_rho: 8349291.328716986
Mp: 2.0
P0: 706.9375381
Q_CMB: 7400000000000.0
T0: 9189.2534761
TL0: 9476.172363768635
XFe: 30.0
alpha_c: 1.1115444761282146e-05
beta: 0.83
chi0: 0.056
dTL_dP: 9.0e-09
dTL_dchi: -21000.0
gamma: 1.215478718060252
k_c: 163.0
r_IC: 1221000.0
r_IC_0: 1789284.3152513434
r_OC: 3645841.9987457
rho_0: 16113.591674775114
rho_c: 12502.0
