A_rho: 0.3503995705324285
CP: 1096.4536179316863
DeltaS: 127.0
Deltarho_ICB: 500.0
FeM: 10.0
H: 0.0
K_c: 1403000000000.0
L_rho: 8613433.367389033
Mp: 2.0
P0: 865.8380148
Q_CMB: 7400000000000.0
T0: 9547.912100700001
TL0: 10519.17278949922
XFe: 45.0
alpha_c: 1.0505461874902237e-05
beta: 0.83
chi0: 0.056
dTL_dP: 9.0e-09
dTL_dchi: -21000.0
gamma: 1.2095462441104035
k_c: 163.0
r_IC: 1221000.0
r_IC_0: 3151332.841916197
r_OC: 4306093.7574166
rho_0: 17104.20861038632
rho_c: 12502.0
