A_rho: 0.3854948601015971
CP: 1020.9554817649021
DeltaS: 127.0
Deltarho_ICB: 500.0
FeM: 15.0
H: 0.0
K_c: 1403000000000.0
L_rho: 8792447.79852882
Mp: 2.0
P0: 989.7492093000001
Q_CMB: 7400000000000.0
T0: 9101.365799
TL0: 11269.30605010593
XFe: 60.0
alpha_c: 9.826661524141416e-06
beta: 0.83
chi0: 0.056
dTL_dP: 9.0e-09
dTL_dchi: -21000.0
gamma: 1.206290183146006
k_c: 163.0
r_IC: 1221000.0
r_IC_0: 4306293.044240105
r_OC: 4756951.7988484
rho_0: 17870.345178310654
rho_c: 12502.0
